44757
44758
44759
44762
44764
44766
44769
44771
44772
44773
44775
44779
44782
44785
44788
44790
44792
44796
44798
44800
44803
44806
44808
44811
44814
44817
44820
44822
44824
44828
44847
44853
44859
44863
45264
45265
45266
45268
45270
45272
45275
45277
45279
45281
45283
45286
45288
45289
45290
45292
45296
45299
45302
45305
45308
45311
45314
45317
45319
45323
45327
45329
45331
45333
45335
45338
45340
45342
45345
45348
45350
45353
45356
45359
45363
45369
45372
45377
45380
45383
45385
45387
45391
45393
45395
45397
45399
45402
45408
45412
45415
45418
45421
45427
45430
45435
45438
45441
45444
45447
45450
45453
45457
45473
45479
45488
45491
45496
45499
45502
45542
46126
46127
46128
46130
46132
46134
46137
46139
46141
46143
46145
46148
46150
46151
46152
46154
46158
46161
46164
46167
46170
46175
46178
46181
46183
46187
46191
46193
46195
46198
46202
46204
46210
46215
46217
46221
46225
46227
46229
46231
46235
46238
46240
46241
46242
46244
46251
46256
46258
46262
46266
46268
46270
46272
46276
46279
46281
46283
46287
46294
46299
46301
46305
46309
46311
46313
46317
46331
46812
46813
46814
46816
46818
46820
46823
46825
46827
46829
46833
46836
46838
46840
46842
46846
46849
46851
46853
46856
46860
46862
46868
46873
46875
46879
46883
46885
46887
46889
46891
46894
46896
46897
46898
46900
46907
46910
46915
46918
46921
46923
46927
46931
46933
46935
46937
46939
46942
46944
46946
46950
46955
46957
46962
46965
46970
46973
46976
46978
46982
46986
46988
46991
46995
46997
47002
47004
47008
47012
47014
47016
47018
47022
47025
47039
47044
47050
47720
47721
47722
47724
47726
47730
47733
47735
47737
47739
47743
47746
47748
47750
47752
47756
47759
47761
47764
47768
47770
47775
47780
47782
47786
47790
47792
47794
47796
47800
47803
47805
47808
47809
47814
47819
47821
47825
47829
47831
47833
47835
47839
47842
47844
47847
47851
47853
47858
47860
47864
47868
47870
47872
47874
47876
47879
47881
47884
47885
47889
47892
47897
47900
47903
47905
47909
47913
47915
47917
47927
47932
47934
47938
47942
47969
48642
48643
48644
48646
48648
48652
48655
48657
48658
48659
48661
48665
48668
48671
48674
48680
48683
48687
48690
48693
48695
48699
48702
48704
48706
48710
48715
48717
48720
48724
48727
48730
48732
48736
48739
48741
48743
48745
48749
48752
48754
48755
48756
48758
48765
48770
48772
48776
48780
48782
48784
48786
48790
48793
48795
48797
48801
48806
48808
48813
48815
48819
48823
48825
48828
48832
48834
48836
48840
48844
48846
48848
48850
48854
48871
49564
49565
49566
49569
49573
49576
49579
49582
49584
49588
49591
49593
49595
49597
49601
49604
49606
49609
49612
49615
49617
49623
49628
49630
49634
49638
49640
49642
49644
49648
49651
49653
49656
49657
49662
49667
49670
49674
49677
49680
49682
49686
49689
49691
49694
49698
49700
49703
49707
49710
49713
49715
49719
49722
49724
49726
49730
49736
49738
49742
49746
49748
49750
49752
49761
49773
49778
50516
50518
50521
50524
50527
50530
50533
50536
50539
50543
50545
50549
50552
50554
50557
50560
50563
50566
50569
50572
50575
50579
50582
50584
50587
50590
50594
50597
50601
50604
50606
50608
50612
50614
50616
50619
50622
50625
50629
50632
50635
50638
50641
50645
50647
50650
50655
50658
50664
50666
50670
50673
50676
50679
50685
50687
50696
50708
51490
51493
51496
51499
51502
51505
51508
51511
51514
51518
51521
51525
51528
51531
51534
51537
51540
51543
51546
51549
51553
51556
51559
51562
51565
51568
51571
63241
63247
63253
63259
63265
63272
63723
63726
63728
63732
63735
63737
63742
63756
63758
63761
63765
63768
63771
63774
63777
63780
63783
63786
63789
63792
63795
63798
63801
63805
63808
63811
63814
64195
64197
64198
64199
64209
64212
64216
64219
64222
64224
64228
64231
64233
64235
64237
64241
64244
64246
64247
64248
64251
64258
64263
64266
64270
64273
64276
64279
64282
64285
64288
64291
64294
64297
64300
64661
64665
64669
64671
64673
64677
64679
64681
64685
64689
64691
64693
64695
64699
64702
64704
64706
64710
64714
64716
64721
64724
64728
64731
64734
64736
64740
64743
64745
64747
64749
64753
64756
64758
64759
64760
64763
64767
64770
64774
64778
64783
64786
64790
64793
64796
65110
65112
65116
65119
65132
65134
65136
65140
65144
65146
65149
65152
65155
65158
65162
65165
65168
65170
65174
65177
65179
65180
65181
65184
65191
65194
65198
65201
65204
65207
65210
65213
65216
65218
65222
65225
65227
65230
65234
65237
65240
65243
65249
65540
65546
65550
65553
65556
65558
65562
65565
65567
65568
65569
65572
65579
65581
65585
65589
65591
65593
65597
65599
65602
65606
65609
65612
65614
65618
65621
65623
65625
65629
65633
65635
65638
65642
65645
65648
65651
65654
65657
65660
65663
65666
65669
65672
65675
65678
65682
65886
65891
65895
65899
65901
65903
65907
65909
65912
65916
65919
65922
65924
65928
65931
65933
65936
65940
65944
65946
65948
65952
65956
65958
65961
65964
65967
65970
65974
65977
65980
65982
65986
65989
65991
65993
65995
65999
66002
66004
66005
66006
66009
66016
66021
66024
66028
66031
66034
66037
66040
66043
66046
66097
66164
66180
66185
66188
66192
66194
66196
66199
66202
66210
66212
66216
66220
66222
66224
66226
66230
66233
66235
66237
66241
66245
66248
66253
66255
66259
66263
66265
66266
66267
66270
66277
66279
66283
66287
66289
66291
66293
66297
66300
66302
66304
66308
66310
66315
66318
66322
66325
66328
66330
66334
66337
66339
66341
66343
66347
66350
66352
66355
66359
66362
66366
66370
66375
66380
66382
66385
66388
66391
66394
66397
66400
66403
66406
66409
66412
66415
66418
66421
66424
66427
66430
66434
66437
66441
66444
66447
66452
66455
66458
66460
66463
66466
66469
66472
66475
66478
66481
66484
66487
66490
66493
66496
66499
66503
66507
66509
66514
66516
66520
66524
66526
66528
66532
66536
66539
66541
66545
66549
66551
66553
66555
66559
66562
66564
66565
66566
66568
66575
66580
66582
66586
66590
66592
66594
66596
66600
66603
66605
66607
66611
66615
66618
66623
66626
66630
66633
66636
66639
66642
66645
66648
66654
66657
66660
66663
66666
66669
66672
66675
66678
66681
66684
66687
66690
66693
66696
66700
66703
66708
66711
66714
66717
66722
66725
66728
66730
66733
66736
66739
66741
66744
66747
66750
66753
66755
66758
66762
66766
66769
66774
66776
66780
66784
66786
66788
66792
66797
66800
66804
66806
66807
66808
66810
66817
66822
66824
66828
66832
66834
66836
66840
66845
66849
66854
66859
66864
66867
66870
66875
66877
66880
66885
66890
66893
66897
66901
66907
66912
66913
66914
66917
66919
66921
66924
66926
66927
66929
66937
66941
66945
66948
66950
66952
66955
66959
66963
66967
66970
66971
66972
66974
66976
66980
66983
66985
66986
66987
66990
66997
66999
67003
67007
67009
67011
67013
67017
67020
67022
67023
67024
67027
67034
67039
67041
67045
67049
67051
67053
67055
67057
67060
67062
67063
67064
67066
67074
67077
67082
67085
67088
67090
67092
67096
67098
67100
67103
67111
67119
67122
67124
67128
67132
67164
67165
67166
67169
67173
67176
67179
67182
67184
67188
67191
67193
67195
67197
67201
67204
67206
67207
67208
67210
67212
67214
67217
67219
67222
67229
67234
67236
67240
67244
67246
67248
67250
67254
67257
67259
67261
67264
67268
67270
67276
67281
67283
67287
67291
67293
67295
67297
67299
67302
67304
67307
67313
67316
67321
67324
67327
67329
67333
67337
67358
67363
67474
67476
67479
67482
67484
67487
67490
67493
67496
67499
67502
67505
67508
67510
67514
67517
67519
67522
67525
67528
67530
67533
67536
67540
67544
67547
67551
67554
67557
67559
67563
67566
67568
67570
67574
67580
67583
67587
67590
67593
67595
67599
67602
67604
67606
67608
67628
67824
67825
67826
67828
67830
67834
67837
67839
67841
67843
67847
67850
67852
67854
67857
67860
67862
67868
67873
67875
67879
67883
67885
67887
67889
67893
67896
67898
67901
67904
67907
67909
67912
67915
67919
67923
67928
67930
67934
67938
67940
67942
67944
67948
67951
67953
67965
67970
67973
67977
68238
68240
68243
68246
68248
68251
68254
68257
68260
68262
68266
68269
68271
68273
68275
68279
68282
68284
68286
68290
68296
68301
68303
68307
68311
68313
68316
68325
68335
68338
68342
68345
68691
68693
68701
68707
68713
68719
68727
68738
68748
68750
68785
81853
81856
81859
81863
81866
81872
81875
81882
81886
81888
81893
81896
81899
81902
82632
82636
82640
82642
82645
82648
82651
82654
82658
82661
82664
82666
82670
82673
82675
82676
82677
82680
82687
82690
82695
82698
82701
82704
82707
82709
82715
82718
82721
82727
82731
83396
83402
83414
83424
83427
83430
83432
83434
83438
83440
83443
83446
83449
83452
83457
83460
83463
83465
83469
83473
83475
83477
83481
83483
83488
83490
83494
83498
83500
83502
83506
83510
83512
83514
83518
83522
83524
83526
83530
83534
83536
83539
83543
83546
83549
83552
83556
83559
83562
83566
83570
83572
83574
83578
83581
83584
83588
83591
83594
83597
84227
84235
84237
84239
84243
84247
84249
84255
84259
84262
84264
84268
84272
84274
84277
84281
84283
84285
84289
84293
84295
84298
84301
84304
84306
84310
84314
84316
84317
84318
84321
84328
84330
84334
84338
84340
84342
84344
84348
84351
84353
84355
84359
84361
84366
84368
84372
84376
84378
84380
84382
84386
84389
84391
84393
84395
84399
84402
84404
84406
84410
84414
84416
84421
84426
84429
84433
84437
84999
85007
85010
85012
85016
85020
85022
85025
85029
85031
85033
85037
85041
85043
85046
85049
85051
85053
85057
85061
85063
85065
85069
85073
85076
85078
85082
85086
85088
85090
85094
85096
85098
85102
85106
85108
85110
85112
85116
85119
85121
85124
85128
85132
85134
85139
85141
85145
85149
85151
85153
85155
85159
85162
85164
85167
85170
85173
85178
85181
85185
85188
85191
85193
85197
85200
85202
85205
85212
85749
85756
85768
85771
85774
85778
85781
85783
85785
85789
85791
85794
85798
85800
85803
85808
85811
85814
85816
85818
85822
85824
85827
85830
85833
85836
85841
85844
85847
85849
85851
85855
85857
85860
85864
85866
85869
85874
85877
85880
85882
85884
85888
85890
85893
85896
85898
85901
85906
85909
85912
85914
85918
85922
85924
85926
85930
85934
85937
85942
85944
85948
85952
85954
85956
85958
85962
85965
85967
85969
85971
85973
85976
85978
85980
85982
85984
85987
85989
85992
85999
86004
86007
86012
86015
86018
86021
86026
86029
86033
86039
86044
86718
86724
86726
86728
86748
86753
86756
86759
86761
86763
86767
86769
86771
86774
86777
86780
86784
86788
86790
86793
86798
86801
86804
86806
86808
86812
86814
86816
86820
86824
86827
86830
86835
86838
86841
86843
86845
86849
86851
86852
86853
86855
86862
86865
86870
86873
86876
86878
86880
86884
86886
86888
86892
86896
86899
86902
86907
86910
86913
86915
86917
86921
86923
86925
86927
86929
86932
86934
86936
86938
86940
86943
86945
86947
86954
86957
86962
86965
86968
86971
86976
86979
86982
86985
86990
86993
86996
86999
87004
87008
87013
87018
87023
87028
87334
87340
87346
87352
87358
87367
87370
87375
87378
87381
87384
87387
87390
87393
87396
87399
87403
87406
87409
87412
87416
87419
87424
87427
87430
87433
87436
87439
87442
87445
87448
87451
87454
87457
87460
87464
87469
87472
87477
87480
87483
87486
87489
87492
87495
87498
87501
87504
87507
87513
87516
87521
87524
87527
87530
87535
87538
87541
87544
87549
87553
87558
87563
87568
