39417
39418
39419
39422
39424
39426
39429
39431
39433
39435
39437
39440
39442
39444
39446
39448
39451
39453
39455
39458
39461
39464
39467
39470
39473
39476
39482
39484
39488
39502
39503
39504
39506
39508
39512
39515
39517
39519
39521
39525
39528
39530
39532
39534
39536
39539
39541
39542
39543
39545
39547
39549
39552
39554
39556
39560
39563
39566
39569
39575
39580
39583
39587
39590
39593
39595
39599
39603
39605
39607
39609
39611
39614
39627
39633
39639
39649
39658
39667
39674
39680
40142
40143
40144
40147
40151
40154
40157
40160
40163
40166
40169
40172
40175
40178
40181
40184
40186
40190
40193
40195
40197
40199
40203
40206
40208
40210
40213
40218
40221
40224
40227
40230
40236
40241
40243
40247
40251
40255
40259
40734
40735
40736
40738
40740
40744
40747
40749
40751
40753
40757
40760
40762
40764
40766
40770
40773
40775
40776
40777
40779
40781
40785
40788
40790
40793
40797
40800
40803
40806
40812
40817
40822
40825
40829
40832
40835
40837
40841
40844
40848
40854
40859
40862
40866
40869
40872
41332
41334
41337
41340
41342
41345
41348
41351
41354
41357
41360
41363
41366
41368
41372
41375
41377
41378
41379
41381
41385
41388
41391
41394
41397
41400
41403
41406
41409
41412
41416
41420
41423
41427
41430
41433
41435
41439
41442
41446
41457
41460
41464
41882
41884
41887
41890
41892
41895
41898
41901
41904
41907
41910
41913
41916
41918
41922
41925
41927
41930
41933
41938
41941
41944
41947
41950
41953
41956
41959
41962
41965
41968
41972
41976
41979
41983
41986
41989
41991
41995
42484
42486
42489
42492
42494
42497
42500
42503
42506
42509
42512
42515
42518
42520
42524
42527
42532
42535
42540
42543
42546
42549
42552
42555
42558
42561
42564
42567
42570
42574
42578
42581
42585
43026
43027
43028
43031
43035
43038
43041
43044
43047
43050
43053
43056
43059
43062
43065
43069
43082
43085
43088
43091
43094
43097
43100
43103
43106
43112
43114
43118
43121
43782
43784
43787
43790
43793
43796
43799
43801
43804
43807
43810
43814
43833
43839
43845
43852
43855
43858
43864
45303
45308
45311
45317
45320
45326
45332
46443
46466
46468
46470
46474
46477
46479
46482
46485
46488
46491
46494
46497
46500
46504
46507
46510
46513
46516
46520
46522
46524
46527
46530
46533
46536
46539
46542
46545
46548
46551
46554
47841
47843
47845
47849
47852
47854
47858
47861
47863
47865
47869
47873
47875
47878
47882
47885
47888
47891
47894
47897
47900
47903
47906
47909
47912
47915
47918
47922
49119
49123
49126
49130
49137
49139
49142
49146
49149
49152
49154
49158
49161
49163
49165
49169
49173
49175
49178
49182
49185
49188
49191
49194
49197
49200
49203
49206
49209
49212
49215
49218
49222
50253
50255
50259
50262
50264
50267
50270
50273
50276
50280
50283
50286
50288
50292
50295
50297
50299
50301
50305
50308
50310
50311
50312
50314
50316
50320
50323
50325
50328
50335
50340
50343
50347
50350
50353
50359
51300
51307
51323
51325
51329
51333
51335
51337
51341
51343
51346
51350
51353
51356
51359
51362
51365
51368
51370
51374
51377
51379
51382
51386
51389
51392
51395
51398
51401
51405
51409
52486
52493
52495
52502
52504
52506
52510
52514
52516
52518
52520
52524
52527
52529
52530
52531
52533
52535
52539
52542
52545
52551
52556
52559
52563
52566
52569
52572
52575
52578
52581
52587
53467
53469
53473
53476
53478
53479
53480
53482
53484
53491
53500
53503
53507
53510
53513
53515
53519
53522
53524
53526
53528
53532
53535
53537
53540
53547
53552
53557
54436
54444
54446
54448
54450
54454
54457
54459
54461
54463
54467
54470
54472
54475
54487
54492
54497
62299
62305
62308
62316
63231
63234
63238
63241
63244
63247
63250
63253
63256
63259
63261
63265
63268
63272
63278
63281
64093
64094
64095
64097
64099
64103
64106
64108
64110
64112
64116
64119
64121
64123
64125
64129
64132
64134
64136
64138
64142
64145
64147
64149
64151
64155
64158
64160
64162
64164
64166
64169
64176
64183
64188
64193
64198
64203
64211
64223
65087
65088
65089
65091
65093
65097
65100
65102
65104
65106
65110
65113
65115
65116
65117
65120
65124
65127
65130
65133
65136
65139
65142
65145
65148
65151
65154
65157
65163
65168
65171
65175
65178
65181
65183
65187
65190
65192
65194
65200
65203
65214
66075
66076
66077
66079
66081
66085
66088
66090
66092
66094
66098
66101
66103
66106
66110
66113
66116
66119
66122
66125
66128
66131
66133
66137
66140
66142
66144
66146
66150
66153
66155
66157
66159
66163
66166
66168
66171
66174
66177
66179
66185
66190
66195
66200
66205
66207
66211
66215
67183
67184
67185
67187
67189
67193
67196
67198
67200
67202
67206
67209
67211
67213
67216
67219
67221
67224
67227
67230
67233
67236
67239
67242
67245
67248
67251
67254
67257
67263
67268
67271
67275
67278
67281
67283
67287
67290
67292
67294
67296
67300
67303
67308
67325
67330
67336
68255
68256
68257
68260
68264
68267
68270
68273
68276
68279
68282
68285
68287
68291
68294
68296
68298
68300
68304
68307
68309
68312
68315
68318
68320
68323
68326
68329
68332
68335
68338
68341
68344
68350
68355
68358
68362
68365
68368
68370
68374
68377
69279
69281
69284
69287
69289
69292
69295
69298
69301
69304
69307
69310
69313
69316
69319
69322
69325
69327
69331
69334
69336
69339
69342
69345
69347
69350
69353
69356
69359
69362
69365
69369
69373
69376
69380
69383
69386
69388
69392
70451
70453
70460
70467
70474
70477
70481
70484
70490
70493
70496
70501
70504
70507
70511
70516
70519
70528
73698
73710
73715
73718
73721
73724
73727
73730
73733
74571
74573
74578
74592
74594
74597
74601
74604
74607
74610
74613
74616
74619
74622
74625
74629
74632
74635
74638
75249
75251
75255
75258
75260
75266
75269
75271
75273
75277
75279
75282
75286
75289
75292
75295
75298
75301
75304
75307
75310
75313
75316
75319
75322
75326
75329
75332
75335
75823
75826
75829
75831
75835
75838
75843
75847
75850
75854
75856
75859
75863
75866
75869
75872
75875
75878
75881
75884
75887
75890
75893
75896
75899
75902
75905
75908
75911
75915
76347
76354
76359
76362
76370
76372
76376
76380
76382
76384
76386
76390
76393
76395
76397
76401
76403
76408
76411
76415
76418
76421
76424
76427
76430
76433
76436
76439
76442
76445
76448
76451
76455
76792
76794
76798
76801
76803
76814
76816
76819
76823
76826
76829
76831
76835
76838
76840
76843
76846
76849
76852
76856
76859
76862
76865
76868
76871
76874
76877
76880
76883
76886
77136
77146
77148
77150
77154
77157
77159
77161
77166
77168
77173
77175
77179
77183
77185
77187
77189
77193
77196
77198
77200
77202
77206
77209
77211
77214
77218
77221
77225
77229
77234
77239
77329
77332
77349
77354
77359
77364
