54472
54474
54476
54479
54482
54485
54488
55571
55575
55577
55583
55588
55594
55596
55598
55602
55605
55608
55611
55614
55617
55620
55623
55627
55630
55632
55635
55638
55641
55645
55647
55649
55652
56777
56781
56797
56799
56801
56805
56808
56811
56814
56817
56820
56822
56825
56828
56832
56834
56838
56841
56843
56845
56849
56851
56853
56856
56859
56862
56866
56869
56872
56875
56879
56882
56884
56887
56890
56893
56897
56899
56901
56904
56908
56909
56910
56912
56914
56918
56921
56923
56925
56927
56931
56934
56936
56938
56940
56944
56947
56964
56967
56973
56978
58055
58066
58068
58070
58074
58077
58080
58083
58086
58090
58092
58094
58097
58101
58103
58105
58109
58112
58115
58118
58121
58124
58126
58129
58132
58136
58138
58142
58146
58148
58150
58153
58156
58159
58163
58166
58169
58172
58176
58180
58181
58182
58184
58186
58190
58193
58195
58196
58197
58199
58201
58205
58208
58210
58213
58217
58220
58223
58226
58232
58235
58239
58242
58245
58247
58251
58254
58265
58270
58273
59356
59363
59365
59372
59377
59383
59385
59388
59392
59395
59399
59401
59404
59408
59411
59415
59417
59419
59423
59426
59429
59432
59435
59439
59441
59443
59447
59451
59453
59455
59459
59462
59465
59468
59471
59474
59477
59480
59483
59486
59489
59492
59496
59500
59501
59502
59504
59506
59510
59513
59515
59518
59522
59525
59528
59531
59533
59537
59540
59542
59545
59548
59551
59553
59559
59564
59567
59571
59574
59577
59579
59583
59586
59594
59600
59603
59607
59610
60743
60747
60750
60752
60756
60759
60761
60763
60767
60771
60773
60776
60780
60783
60786
60788
60792
60795
60797
60799
60803
60807
60809
60812
60816
60819
60822
60825
60828
60831
60834
60837
60840
60843
60846
60849
60852
60856
60860
60861
60862
60864
60866
60870
60873
60875
60876
60877
60880
60884
60887
60890
60893
60896
60899
60902
60905
60911
60913
60917
60921
60923
60925
60927
60931
60934
60936
60939
60943
60945
60950
60952
60956
60960
60962
60964
60966
60970
60973
60975
60984
60989
60995
62130
62133
62136
62138
62142
62145
62147
62149
62153
62157
62159
62162
62166
62169
62173
62175
62177
62181
62185
62187
62189
62193
62196
62199
62202
62205
62208
62211
62214
62217
62220
62222
62225
62228
62231
62233
62236
62239
62243
62247
62249
62252
62256
62257
62258
62260
62262
62266
62269
62271
62274
62278
62281
62284
62287
62289
62293
62296
62298
62301
62304
62307
62309
62315
62320
62323
62327
62330
62333
62335
62339
62342
62344
62347
62348
62353
62356
62360
62363
62366
62368
62372
62375
62380
62386
62389
62393
62396
62405
63601
63603
63607
63611
63613
63614
63615
63618
63625
63627
63631
63635
63637
63639
63641
63645
63648
63650
63651
63652
63655
63662
63667
63670
63674
63677
63680
63682
63686
63689
63691
63694
63698
63701
63704
63707
63713
63718
63720
63723
63726
63728
63731
63734
63737
63740
63743
63746
63749
63752
63754
63758
63761
63763
63765
63767
63771
63774
63776
63778
63782
63786
63788
63793
63795
63799
63803
63805
63807
63809
63813
63816
63818
63821
63825
63829
63831
63836
63838
63842
63846
63848
63854
63860
63863
63867
63870
63873
63879
65526
65529
65534
65537
65540
65543
65548
65551
65554
65557
65560
65563
65566
65569
65572
65575
65578
65581
65584
65587
65591
65597
65602
65605
65610
65613
65616
65619
65624
65627
65630
65633
65638
65641
65645
65651
65656
65661
65666
65668
65671
65674
65676
65679
65682
65685
65688
65691
65694
65697
65700
65703
65706
65709
65712
65714
65718
65721
65723
65725
65729
65733
65735
65738
65742
65745
65748
65750
65754
65757
65759
65762
65766
65770
65772
65774
65778
65782
65784
65790
65796
65799
65803
65806
65809
65815
65818
66954
66955
66956
66959
66963
66966
66969
66972
66975
66978
66981
66984
66987
66990
66993
66996
66999
67002
67005
67008
67010
67014
67017
67019
67021
67025
67027
67030
67034
67037
67040
67042
67046
67049
67051
67054
67058
67062
67064
67066
67070
67074
67076
67085
67088
67092
67095
67098
67101
67104
67111
67526
67529
67532
67535
67538
67541
67544
67546
67549
67552
67555
67558
67561
67564
67567
67570
67573
67576
67579
67583
67585
67588
67592
67595
67599
67601
67603
67607
67610
67613
67616
67619
67622
67624
67628
67631
67633
67635
67639
67643
67645
67647
67651
67655
67657
67660
67664
67668
67670
67673
67677
67680
67683
67685
67689
67692
68080
68082
68085
68088
68090
68093
68096
68099
68102
68105
68108
68111
68114
68116
68120
68123
68125
68127
68131
68135
68137
68140
68144
68147
68150
68153
68156
68159
68163
68165
68167
68171
68175
68177
68179
68183
68186
68188
68192
68195
68197
68200
68204
68207
68211
68215
68217
68218
68219
68221
68225
68228
68232
68236
68239
68241
68244
68248
68251
68254
68256
68260
69116
69118
69121
69124
69127
69130
69133
69135
69138
69141
69144
69148
69150
69152
69156
69159
69161
69164
69167
69171
69173
69177
69180
69183
69186
69189
69193
69195
69198
69202
69205
69207
69209
69213
69215
69217
69219
69223
69226
69228
69230
69232
69236
69239
69241
69243
69245
69247
69250
69252
69254
69258
69261
69264
69267
69270
69274
69276
69279
69284
69287
69290
69296
69301
69304
69309
69312
69315
69317
69321
69325
69327
69329
69333
69336
69338
69340
69344
69347
69350
69353
69378
69662
69664
69667
69671
69674
69677
69680
69685
69689
69692
69695
69700
69704
69707
69712
69715
69719
69724
69729
69734
69737
69742
69746
69749
69754
69757
69761
69766
69769
69774
69778
69781
69786
69789
69794
69892
69896
69899
69901
69905
69907
69909
69912
69915
69919
69922
69925
69929
69931
69933
69936
69939
69942
69945
69948
69951
69954
69957
69960
69963
70308
70312
70315
70319
70321
70324
70328
70331
70334
70337
70343
70347
70349
70351
70355
70358
70360
70364
70367
70369
70371
70375
70378
70381
70384
70387
70391
70393
70396
70400
70403
70406
70409
70412
70415
70418
70420
70423
70426
70429
70432
70436
70439
70442
70445
70448
70452
70454
70456
70459
70462
70465
70468
70471
70474
70477
70894
70896
70904
70906
70912
70916
70918
70921
70925
70928
70931
70933
70937
70940
70942
70944
70948
70952
70954
70957
70961
70964
70967
70969
70973
70976
70978
70980
70984
70987
70989
70991
70995
70997
71000
71004
71007
71010
71013
71016
71019
71022
71025
71028
71032
71035
71038
71041
71460
71468
71470
71472
71476
71480
71482
71485
71489
71492
71495
71497
71501
71504
71506
71509
71513
71516
71518
71520
71524
71526
71529
71533
71536
71539
71541
71545
71548
71550
71553
71557
71560
71564
71566
71569
71573
71576
71579
71582
71585
71588
71591
71594
71597
71600
71603
71606
71609
71613
72463
72471
72473
72480
72484
72486
72489
72493
72496
72499
72501
72505
72508
72510
72512
72515
72519
72521
72524
72528
72531
72534
72536
72540
72543
72545
72547
72549
72553
72556
72558
72560
72564
72568
72570
72575
72578
72582
72585
72588
72591
72594
72597
72600
72603
72606
72610
72614
72616
72618
73972
73974
73976
73983
73985
73996
73998
74003
74005
74009
74013
74015
74017
74020
74024
74026
74029
74033
74036
74039
74042
74045
74048
74051
74053
74057
74060
74062
74064
74068
74072
74074
74077
74081
74084
74087
74090
74093
74096
74099
74102
74105
74109
74113
74114
74116
74119
74122
74126
74129
74132
74135
74138
74140
74142
74146
74148
74152
74155
74158
74161
74163
74166
74170
74174
74176
74180
74183
74186
74189
74192
74194
74198
74201
75340
75348
75350
75361
75363
75365
75369
75373
75375
75377
75379
75383
75386
75388
75390
75393
75397
75399
75404
75407
75411
75414
75417
75419
75423
75426
75428
75430
75432
75436
75439
75441
75443
75447
75451
75453
75458
75461
75465
75468
75471
75474
75477
75481
75485
75488
75491
75494
75497
75500
75503
75505
75508
75511
75514
75517
75519
75523
75526
75528
75531
75535
75538
75542
75544
75547
75551
75554
75557
75559
75563
75566
75568
75570
75572
75576
75579
75581
75583
75587
75591
75593
75598
75601
75605
75608
75611
75613
75617
75620
75645
76859
76862
76866
76869
76872
76874
76878
76881
76883
76886
76889
76892
76895
76899
76902
76905
76908
76911
76914
76917
76919
76923
76926
76928
76930
76932
76936
76939
76941
76944
76951
76956
76961
76963
76966
76969
76971
76974
76977
76980
76983
76985
76989
76992
76994
76996
76998
77002
77005
77007
77009
77013
77017
77019
77024
77027
77031
77034
77037
77039
77043
77046
77048
77051
77055
77059
77061
77064
77068
77071
77074
77076
77080
77083
77096
77099
78276
78297
78302
78304
78308
78312
78314
78316
78318
78322
78325
78327
78328
78329
78332
78339
78344
78347
78351
78354
78357
78360
78363
78366
78369
78375
78377
78380
78383
78386
78389
78392
78395
78398
78401
78403
78405
78409
78412
78414
78416
78420
78423
78425
78428
78431
78434
78437
78440
78444
78447
78451
78454
78457
78459
78463
78466
78468
78471
78475
78478
78480
78482
78486
78488
78491
78495
78498
78501
78503
78507
78510
78512
78520
78523
78529
78532
79637
79641
79648
79652
79669
79674
79677
79682
79685
79688
79691
79696
79699
79703
79709
79714
79719
79721
79724
79728
79731
79734
79737
79740
79743
79746
79749
79753
79756
79758
79761
79765
79768
79771
79774
79777
79780
79782
79786
79789
79791
79794
79798
79801
79804
79806
79809
79812
79816
79819
79823
79826
79829
79831
79835
79838
79843
79854
79860
79866
81007
81009
81012
81015
81018
81021
81024
81027
81030
81034
81037
81040
81043
81046
81050
81053
81055
81058
81061
81064
81067
81070
81073
81076
81080
81083
81086
81089
81092
81095
81097
81101
81104
81106
81113
81116
81122
82227
82229
82232
82235
82238
82241
82244
82247
82250
82253
82255
82258
82261
82264
82267
82270
82273
82276
82280
82285
82292
82298
82306
82309
82312
82318
83439
83441
83444
83447
83450
83453
