42935
42936
42937
42940
42942
42944
42947
42949
42951
42953
42955
42958
42960
42962
42964
42966
42969
42971
42973
42976
42979
42981
42984
42987
42990
42993
42996
42999
43002
43005
43007
43009
43013
43015
43017
43019
43021
43024
43026
43028
43031
43034
43037
43040
43043
43045
43048
43051
43054
43057
43060
43063
43066
43069
43071
43073
43077
43079
43081
43084
43087
43090
43093
43096
43098
43101
43104
43107
43111
43113
43115
43118
43122
43123
43124
43126
43128
43130
43133
43135
43138
43141
43144
43146
43149
43152
43155
43158
43161
43164
43167
43170
43174
43179
43182
43185
43187
43191
43195
43197
43199
43201
43203
43206
43208
43210
43214
43218
43220
43225
43228
43233
43236
43239
43241
43243
43247
43249
43252
43256
43259
43263
43265
43268
43272
43275
43278
43280
43282
43286
43288
43290
43294
43297
43300
43303
43306
43310
43312
43314
43318
43321
43324
43327
43330
43333
43335
43337
43341
43343
43345
43349
43352
43355
43358
43362
43365
43367
43370
43373
43376
43379
43382
43385
43388
43392
43394
43396
43399
43402
43405
43408
43412
43413
43416
43418
43423
43425
43426
43427
43430
43434
43437
43440
43443
43447
43452
43455
43458
43460
43464
43468
43470
43471
43472
43474
43478
43481
43484
43487
43490
43493
43496
43499
43505
43510
43512
43516
43520
43522
43524
43526
43528
43531
43533
43535
43539
43543
43545
43548
43553
43556
43560
43562
43564
43568
43571
43573
43577
43580
43582
43584
43588
43592
43594
43597
43601
43604
43608
43610
43612
43615
43619
43621
43623
43627
43630
43633
43636
43639
43643
43645
43647
43651
43654
43656
43658
43662
43664
43666
43670
43673
43676
43679
43682
43685
43687
43690
43694
43697
43700
43703
43706
43710
43712
43714
43717
43720
43723
43726
43809
43811
43819
43825
43828
43833
43836
43839
43842
43854
43856
43859
43862
43865
43867
43870
43873
43876
43879
43882
43885
43893
43898
43900
43903
43907
43909
43911
43915
43919
43921
43924
43928
43931
43933
43935
43939
43941
43944
43948
43951
43955
43957
43960
43965
43968
43971
43973
43975
43979
43981
43983
43987
43990
43992
43996
43999
44001
44004
44009
44012
44015
44017
44019
44023
44025
44028
44032
44035
44039
44041
44044
44048
44051
44054
44056
44058
44062
44064
44066
44070
44073
44076
44079
44082
44086
44088
44090
44094
44097
44100
44103
44106
44109
44111
44113
44117
44119
44121
44125
44128
44131
44134
44137
44140
44142
44145
44149
44152
44155
44158
44161
44164
44167
44170
44173
44177
44179
44181
44184
44187
44190
44193
44196
44199
44202
44352
44381
44384
44392
44405
44407
44415
44417
44420
44425
44428
44431
44433
44441
44443
44447
44451
44453
44456
44461
44464
44467
44469
44471
44475
44477
44480
44484
44487
44490
44492
44496
44499
44501
44504
44509
44512
44515
44517
44519
44523
44525
44527
44531
44535
44537
44540
44545
44548
44551
44553
44555
44559
44561
44564
44568
44571
44574
44576
44580
44583
44585
44588
44592
44595
44599
44601
44604
44608
44611
44615
44617
44619
44623
44627
44629
44631
44635
44638
44641
44644
44647
44650
44653
44656
44659
44662
44665
44668
44672
44931
44965
44972
44978
44980
44989
44992
45000
45013
45015
45019
45023
45025
45028
45032
45035
45039
45041
45044
45048
45051
45054
45056
45060
45063
45065
45067
45071
45075
45077
45079
45083
45087
45089
45091
45095
45098
45100
45102
45106
45108
45111
45115
45118
45121
45124
45127
45130
45133
45135
45138
45141
45144
45147
45151
45154
45156
45159
45162
45166
45168
45171
45174
45177
45180
45503
45510
45518
45527
45530
45534
45537
45539
45547
45549
45553
45557
45559
45562
45566
45569
45573
45575
45578
45582
45585
45588
45590
45594
45597
45599
45601
45604
45607
45610
45614
45618
45620
45623
45627
45630
45633
45636
45639
45643
45646
45649
45652
46046
46072
46094
46101
46107
46113
46119
61949
61956
61959
61962
61965
61968
62492
62493
62494
62496
62498
62502
62505
62507
62508
62509
62511
62513
62517
62520
62522
62525
62529
62532
62535
62538
62544
62547
62551
62554
62557
62560
62563
62566
62570
62578
62581
62594
62596
62600
62603
62609
62612
62620
63054
63055
63056
63059
63063
63066
63069
63073
63075
63077
63080
63083
63085
63088
63091
63094
63097
63103
63105
63109
63112
63115
63118
63121
63125
63127
63130
63134
63137
63139
63141
63145
63147
63149
63153
63156
63159
63162
63165
63169
63171
63174
63179
63182
63185
63187
63191
63195
63197
63199
63203
63207
63209
63214
63216
63220
63224
63226
63228
63232
63236
63244
63248
63250
63260
63532
63534
63537
63541
63544
63547
63550
63553
63557
63560
63562
63565
63569
63572
63575
63578
63581
63585
63587
63590
63595
63598
63601
63603
63605
63609
63611
63613
63617
63620
63623
63626
63629
63633
63635
63638
63643
63646
63649
63651
63653
63657
63659
63661
63665
63669
63671
63674
63679
63682
63685
63687
63689
63693
63695
63697
63701
63704
63706
63710
63713
63715
63718
63723
63726
63729
63731
63735
63739
63741
63744
63747
63749
63754
63756
63760
63764
63766
63768
63772
63776
63784
63788
63796
63799
63801
63902
63905
63908
63911
63914
63917
63921
63924
63929
63932
63935
63938
63941
63945
63948
63951
63954
63958
63961
63966
63969
63972
63975
63978
63981
63984
63986
63989
63993
63997
63999
64002
64007
64010
64013
64015
64017
64021
64023
64025
64029
64032
64034
64037
64040
64045
64048
64053
64056
64059
64061
64063
64067
64069
64071
64075
64078
64081
64084
64090
64093
64098
64101
64104
64107
64112
64115
64118
64121
64124
64128
64132
64137
64140
64145
64148
64151
64154
64157
64161
64165
64173
64206
64209
64212
64216
64219
64224
64228
64233
64238
64239
64240
64243
64245
64247
64250
64252
64254
64256
64258
64261
64263
64265
64268
64271
64273
64276
64279
64282
64285
64287
64289
64293
64295
64297
64299
64301
64304
64306
64308
64310
64312
64315
64317
64318
64319
64321
64325
64328
64331
64334
64337
64340
64343
64346
64349
64352
64355
64358
64361
64364
64367
64370
64372
64374
64378
64380
64382
64385
64388
64390
64393
64396
64399
64402
64405
64408
64411
64414
64417
64420
64423
64426
64429
64432
64435
64438
64440
64442
64446
64448
64450
64453
64456
64459
64462
64465
64467
64470
64473
64476
64479
64482
64485
64488
64491
64494
64497
64500
64504
64506
64508
64511
64514
64516
64519
64522
64525
64528
64531
64534
64537
64541
64543
64545
64548
64551
64554
64557
64655
64666
64671
64674
64679
64682
64688
64696
64701
64711
64715
64722
64724
64728
64733
64735
64740
64745
64748
64753
64756
64759
64761
64767
64769
64772
64776
64778
64781
64786
64789
64792
64794
64796
64800
64802
64804
64808
64812
64814
64817
64821
64824
64827
64829
64831
64835
64837
64840
64844
64847
64851
64853
64855
64859
64862
64865
64868
64871
64875
64877
64879
64883
64887
64889
64891
64895
64898
64901
64904
64907
64910
64912
64914
64918
64920
64922
64926
64929
64932
64935
64938
64941
64943
64946
64950
64953
64956
64959
64962
64965
64968
64971
64974
64978
64980
64982
64989
64996
65337
65339
65349
65352
65357
65360
65365
65373
65375
65379
65383
65385
65388
65392
65395
65399
65401
65403
65407
65411
65413
65416
65420
65423
65425
65427
65431
65433
65435
65439
65443
65445
65448
65452
65455
65459
65461
65464
65468
65471
65475
65477
65480
65488
65490
65494
65497
65500
66040
66043
66065
66067
66077
66080
66093
66095
66103
66105
66108
66116
66118
66122
66126
66131
66134
66138
66706
66708
66716
66718
66721
81979
81981
81984
81987
81990
81993
81996
81998
82001
82004
82007
82010
82013
82016
82019
82023
82032
82035
82037
82040
82043
82047
82049
82053
82056
82059
82065
82068
82085
82091
82093
82096
82110
82132
82345
82347
82350
82353
82355
82358
82361
82364
82367
82369
82373
82376
82378
82381
82384
82387
82390
82394
82398
82400
82403
82407
82410
82413
82415
82419
82422
82424
82427
82432
82435
82439
82441
82444
82448
82451
82455
82457
82459
82462
82466
82468
82470
82474
82477
82480
82483
82486
82490
82506
82510
82512
82514
82518
82524
82534
82554
82560
82695
82697
82700
82703
82706
82709
82713
82715
82719
82722
82725
82728
82731
82734
82736
82739
82743
82746
82749
82752
82755
82759
82761
82764
82768
82771
82774
82777
82780
82784
82786
82788
82792
82795
82797
82801
82804
82806
82809
82814
82817
82821
82823
82826
82830
82833
82837
82839
82841
82845
82849
82851
82853
82857
82860
82863
82866
82869
82873
82875
82877
82880
82884
82886
82888
82892
82895
82897
82914
82920
82922
82925
82928
82939
82954
83040
83042
83045
83048
83051
83054
83058
83060
83064
83067
83069
83072
83075
83078
83081
83085
83088
83091
83094
83097
83101
83103
83106
83110
83114
83116
83118
83122
83125
83127
83131
83134
83136
83138
83142
83146
83148
83151
83155
83158
83162
83164
83166
83169
83173
83175
83177
83181
83184
83186
83190
83193
83195
83198
83202
83205
83207
83209
83213
83215
83218
83222
83225
83229
83232
83235
83240
83243
83247
83249
83250
83251
83254
83267
83271
83273
83277
83299
83319
83321
83324
83327
83330
83333
83336
83338
83341
83344
83347
83351
83353
83356
83360
83363
83366
83369
83372
83376
83378
83380
83384
83387
83390
83393
83396
83399
83401
83405
83408
83410
83413
83418
83421
83424
83426
83428
83432
83434
83436
83440
83444
83446
83449
83454
83457
83461
83463
83466
83470
83473
83477
83479
83481
83484
83488
83490
83492
83496
83500
83503
83506
83510
83513
83515
83517
83521
83523
83526
83530
83532
83535
83540
83543
83546
83548
83552
83556
83563
83568
83570
83574
83578
83580
83582
83584
83588
83600
83602
83605
83609
83612
83616
83619
83622
83625
83629
83632
83635
83638
83641
83644
83647
83651
83654
83658
83661
83664
83666
83669
83672
83675
83678
83681
83684
83687
83691
83695
83697
83700
83704
83707
83709
83711
83715
83717
83719
83723
83727
83729
83732
83737
83740
83743
83745
83747
83751
83753
83755
83759
83763
83765
83768
83773
83776
83780
83782
83784
83788
83793
83795
83797
83801
83805
83807
83809
83811
83815
83818
83823
83828
83831
83837
83840
83843
83846
83849
83852
83855
83858
83861
83865
83868
83873
83876
83879
83882
83885
83888
83891
83894
83897
83901
83905
83908
83912
83915
83918
83921
83924
83927
83930
83933
83936
83940
83944
83947
83951
83954
83957
83962
83965
83968
83971
83974
83977
83980
83983
83986
83990
83995
84000
84003
84008
84011
84014
84017
84022
84025
84029
84035
84040
