138886
138887
138909
138913
138917
138918
138938
138942
138947
138949
138966
138969
138970
138975
138978
138980
138984
138988
138990
138994
138996
138998
139002
139003
139005
139008
139011
139017
139020
139023
139026
139029
139032
139033
139038
139041
139043
139047
139049
139053
139055
139058
139060
139063
139066
139069
139072
139075
139078
139184
139210
139217
139237
139243
139250
139252
139256
139258
139260
139264
139274
139289
139292
139293
139297
139300
139301
139306
139309
139310
139315
139319
139320
139325
139328
139331
139334
139337
139340
139343
139346
139349
139352
139559
139600
139601
139606
139609
139614
139645
139653
139654
139659
139662
139663
139668
139671
139672
139677
139681
139683
139687
139692
139700
139709
139714
139717
139720
139723
139726
139729
139732
139735
139738
139741
139744
140088
140130
140138
140139
140144
140147
140148
140153
140156
140157
140162
140165
140166
140171
140176
140184
140193
140194
140198
140201
140204
140207
140210
140213
140216
140219
140222
140225
140228
140674
140722
140730
140731
140736
140739
140740
140745
140748
140749
140754
140757
140758
140763
140767
140768
140773
140776
140785
140788
140791
140794
140797
140800
140803
140806
140809
140812
140815
140818
141371
141372
141377
141380
141385
141444
141447
141448
141453
141456
141457
141462
141465
141466
141471
141474
141475
141480
141484
141485
141490
141491
141495
141498
141529
141532
141535
141538
141541
141544
141547
141550
141553
141556
141559
141562
142052
142053
142058
142060
142064
142123
142126
142127
142132
142135
142136
142141
142143
142146
142147
142152
142154
142157
142158
142163
142166
142169
142170
142176
142180
142223
142226
142229
142232
142233
142238
142241
142243
142247
142251
142253
142257
142261
142262
142267
142270
142273
142276
142279
142282
142285
142288
142291
142294
142726
142727
142732
142798
142799
142804
142807
142810
142811
142821
142864
142872
142873
142878
142881
142882
142887
142890
142891
142896
142900
142901
142906
142909
142918
142921
142924
142927
142930
142933
142936
142939
142942
143455
143456
143527
143530
143531
143536
143539
143540
143545
143548
143551
143554
143555
143559
143562
143565
143593
143596
143599
143602
143605
143608
144061
144062
144067
144069
144073
144128
144134
144137
144138
144143
144146
144147
144152
144156
144157
144162
144163
144167
144170
144198
144201
144204
144207
144210
144213
144216
144737
144738
144743
144745
144749
144808
144814
144816
144819
144820
144825
144827
144830
144831
144836
144839
144842
144844
144848
144851
144855
144863
144891
144897
144901
144903
144907
144911
144913
144917
144921
144922
144927
144930
144954
144957
144960
144963
144966
144969
144972
145527
145575
145576
145581
145584
145589
145632
145638
145641
145642
145647
145650
145651
145656
145660
145661
145666
145667
145671
145674
145702
145705
145708
145711
145714
145717
145720
146274
146275
146280
146282
146286
146334
146340
146342
146345
146346
146351
146353
146356
146357
146362
146365
146368
146370
146374
146377
146381
146389
146417
146423
146427
146429
146433
146437
146439
146443
146447
146448
146453
146456
146480
146483
146486
146489
146492
146495
146498
146952
147003
147004
147009
147012
147017
147066
147069
147070
147075
147078
147079
147084
147088
147089
147094
147095
147099
147102
147133
147136
147139
147142
147145
147148
147604
147605
147610
147612
147616
147670
147673
147674
147679
147681
147684
147685
147690
147693
147696
147698
147702
147705
147709
147717
147750
147754
147756
147760
147764
147766
147770
147774
147775
147780
147783
147801
147804
147807
147810
147813
147816
148309
148357
148358
148363
148366
148370
148380
148419
148422
148423
148428
148431
148432
148437
148441
148442
148447
148450
148477
148480
148483
148486
148489
148492
148925
148975
148976
148981
148984
148989
149038
149041
149042
149047
149050
149051
149056
149060
149061
149066
149067
149071
149074
149105
149108
149111
149114
149117
149120
149618
149619
149624
149626
149630
149680
149683
149684
149689
149692
149693
149698
149702
149703
149708
149709
149713
149716
149719
149747
149750
149753
149756
149759
149762
150256
150257
150262
150264
150267
150268
150318
150321
150322
150327
150330
150331
150336
150340
150341
150346
150347
150351
150354
150357
150385
150388
150391
150394
150397
150400
150934
150935
150940
150942
150945
150946
150996
150999
151000
151005
151008
151009
151014
151018
151019
151024
151025
151029
151032
151035
151063
151066
151069
151072
151075
151078
151548
151549
151554
151556
151560
151612
151615
151616
151621
151624
151625
151630
151634
151635
151640
151641
151645
151648
151651
151679
151682
151685
151688
151691
151694
152172
152173
152178
152180
152183
152184
152236
152239
152240
152245
152248
152249
152254
152258
152259
152264
152265
152269
152272
152275
152303
152306
152309
152312
152315
152318
152798
152799
152804
152806
152809
152810
152815
152822
152856
152862
152865
152866
152871
152874
152875
152880
152884
152886
152890
152894
152895
152900
152903
152929
152932
152935
152938
152941
152944
152947
152950
152953
152956
153389
153424
153425
153430
153433
153437
153445
153481
153487
153490
153491
153496
153499
153500
153505
153508
153509
153514
153518
153519
153524
153527
153552
153558
153559
153563
153566
153569
153572
153575
153578
153581
153584
154027
154062
154063
154068
154071
154075
154083
154119
154122
154123
154130
154131
154136
154139
154140
154145
154148
154149
154154
154158
154159
154164
154167
154170
154176
154177
154181
154184
154187
154190
154193
154196
154199
154202
154673
154726
154727
154732
154735
154739
154747
154781
154784
154785
154789
154792
154793
154798
154801
154802
154807
154810
154811
154816
154820
154821
154826
154829
154832
154838
154839
154843
154846
154849
154852
154855
154858
154861
154864
155353
155406
155407
155412
155415
155419
155465
155468
155469
155476
155477
155482
155485
155486
155491
155494
155495
155500
155504
155505
155510
155513
155516
155522
155527
155530
155533
155536
155539
155542
155545
155548
156100
156101
156139
156144
156145
156150
156151
156156
156159
156160
156165
156168
156169
156174
156178
156179
156187
156190
156194
156199
156202
156205
156208
156211
156214
156217
156220
156781
156786
156807
156812
156813
156818
156819
156824
156827
156828
156833
156836
156837
156842
156847
156855
156858
156862
156867
156870
156873
156876
156879
156882
156885
156888
157436
157460
157465
157466
157471
157472
157477
157480
157481
157486
157489
157492
157495
157498
157501
157507
157510
157514
157515
157519
157522
157997
158012
161839
161845
161847
161854
161863
161865
161868
161874
161883
161884
161887
161927
161932
161934
161938
162428
162430
162433
162435
162438
162443
162445
162448
162450
162452
162457
162460
162463
162487
162489
162493
163002
163005
163010
163014
163016
163020
163022
163044
163047
163051
163053
163057
163059
163064
163078
163563
163569
163584
163588
163593
163598
163600
163603
163608
163610
163613
163623
163626
163651
164137
164143
164146
164149
164152
164155
164158
164187
164193
164196
164199
164202
164204
164207
164210
164214
164216
164219
164227
164256
164747
164753
164755
164758
164760
164763
164768
164770
164773
164777
164779
164783
164785
164805
164811
164814
164818
164820
164823
164825
164831
164870
165377
165380
165383
165385
165388
165391
165395
165402
165404
165407
165409
165413
165415
165418
165421
165424
165427
165431
165433
165437
165439
165466
165470
165476
165479
165482
165486
165488
165494
165529
165532
165536
166061
166064
166067
166069
166072
166075
166079
166082
166086
166088
166091
166093
166097
166099
166102
166106
166108
166111
166113
166116
166119
166122
166149
166153
166155
166159
166162
166165
166168
166171
166174
166178
166180
166184
166186
166218
166221
166705
166708
166711
166714
166717
166721
166723
166727
166729
166732
166735
166738
166741
166744
166747
166774
166778
166783
166786
166789
166792
166795
166798
166801
166805
166807
166810
166812
166815
166818
166821
166853
166856
166859
166862
166865
166872
166880
166897
167331
167337
167339
167342
167345
167348
167350
167353
167356
167386
167389
167393
167395
167399
167401
167404
167408
167410
167413
167415
167418
167421
167424
167427
167430
167433
167468
167475
167478
167481
167484
167487
167490
167494
167496
167499
167501
167533
167536
167541
168013
168016
168019
168033
168039
168044
168046
168049
168052
168055
168058
168061
168064
168098
168101
168104
168107
168110
168113
168116
168119
168122
168124
168127
168130
168133
168137
168145
168171
168643
168648
168654
168658
168660
168663
168665
168668
168672
168674
168678
168680
168683
168686
168689
168723
168730
168733
168736
168738
168741
168744
168748
168750
168753
169297
169300
169316
169319
169321
169324
169327
169330
169333
169338
169340
169343
169347
169349
169353
169355
169386
169389
169393
169927
169933
169935
169938
169941
169944
169947
169950
169977
169981
169986
169989
169992
169995
169998
170001
170004
170008
170010
170014
170016
170048
170051
170055
170553
170559
170561
170564
170567
170570
170573
170576
170603
170607
170612
170615
170618
170621
170624
170627
170630
170634
170636
170642
170688
170691
170696
171243
171246
171249
171251
171254
171257
171260
171263
171266
171287
171291
171293
171297
171299
171302
171305
171308
171311
171314
171317
171320
171324
171326
171330
171332
171341
171378
171381
171384
171386
171390
171947
171950
171953
171955
171958
171961
171964
171967
171970
171991
171995
171997
172001
172003
172006
172009
172012
172015
172018
172021
172024
172028
172030
172034
172036
172066
172073
172076
172639
172642
172645
172647
172650
172653
172656
172658
172661
172664
172667
172681
172687
172692
172694
172697
172702
172704
172707
172712
172714
172717
172720
172723
172753
172759
172762
172765
172768
172771
172774
172777
172780
172783
172786
172789
172792
172799
172807
172833
173428
173434
173437
173440
173443
173446
173449
173452
173455
173458
173461
173464
173467
173497
173503
173506
173509
173512
173515
173518
173521
173524
173527
173530
173533
173536
173539
173543
173551
173577
174150
174155
174158
174161
174164
174167
174170
174173
174176
174179
174182
174185
174217
174222
174225
174228
174231
174234
174237
174240
174243
174246
174249
174253
174255
174258
174260
174263
174269
174301
174304
174307
174309
174313
174315
174320
174337
174851
174857
174862
174865
174868
174871
174874
174877
174880
174883
174916
174921
174924
174927
174930
174933
174936
174939
174942
174945
174948
174952
174954
174958
174960
174998
175001
175004
175008
175010
175016
175051
175631
175637
175639
175642
175645
175648
175651
175654
175657
175660
175663
175685
175690
175693
175696
175699
175702
175705
175708
175712
175714
175717
175719
175722
175725
175728
175765
175768
175771
175774
175777
175780
175784
175786
175792
175824
175827
175831
176385
176391
176393
176396
176399
176402
176404
176407
176410
176413
176431
176434
176439
176441
176444
176449
176451
176454
176457
176460
176463
176466
176469
176510
176516
176519
176522
176525
176528
176531
176534
176537
176540
176543
176546
176549
176552
176556
176558
176564
176602
177124
177130
177132
177135
177138
177141
177144
177147
177150
177153
177156
177159
177162
177165
177195
177199
177204
177207
177210
177213
177216
177219
177222
177225
177228
177231
177235
177237
177240
177242
177245
177251
177291
177294
177907
177913
177915
177918
177921
177924
177926
177929
177932
177935
177938
177941
177944
177962
177965
177969
177971
177975
177977
177980
177984
177986
177989
177991
177994
177999
178001
178004
178007
178010
178042
178049
178052
178055
178058
178061
178064
178067
178070
178609
178612
178615
178624
178633
178637
178639
178642
178645
178648
178651
178654
178657
178660
178663
178666
178688
178693
178696
178699
178702
178705
178708
178711
178714
178717
178720
178724
178726
178731
178770
178773
179355
179361
179366
179369
179372
179374
179377
179380
179383
179386
179389
179392
179416
179419
179421
179425
179427
179430
179434
179436
179439
179441
179444
179449
179451
179454
179457
179460
179500
179503
179506
179508
179511
179514
179517
179520
179523
180163
180166
180169
180181
180184
180186
180190
180192
180195
180199
180201
180205
180207
180210
180213
180216
180219
180222
180225
180247
180253
180256
180259
180262
180265
180268
180272
180274
180277
180279
180327
180330
180335
180829
180832
180835
180838
180845
180847
180851
180853
180856
180859
180862
180865
180868
180871
180889
180893
180895
180898
180901
180904
180907
180910
180913
180916
180919
180922
180925
180929
180931
180935
180937
180974
180977
180980
180984
180991
181019
181347
181350
181353
181355
181358
181361
181364
181366
181369
181372
181375
181378
181381
181384
181394
181396
181400
181402
181405
181409
181411
181415
181417
181420
181424
181426
181429
181431
181434
181439
181441
181444
181447
181450
181453
181463
181470
181473
181476
181479
181482
181486
181489
181492
181496
181498
181501
181503
181506
181511
181513
181516
181522
181538
181543
181545
181549
181552
181555
181558
181561
181564
181588
181590
181612
181641
181645
181654
181771
181774
181777
181782
181786
181789
181793
181795
181799
181801
181804
181807
181810
181813
181820
181823
181826
181828
181830
181833
181836
181840
181842
181845
181847
181850
181855
181857
181860
181863
181866
181869
181871
181874
181877
181880
181885
181888
181892
181893
181895
181900
181902
181906
181909
181912
181916
181918
181921
181923
181926
181931
181933
181937
181939
181943
181945
181955
181957
181960
181962
181967
181969
181972
181973
181978
181980
181984
181986
181990
181992
181996
182005
182007
182010
182013
182014
182016
182021
182023
182025
182029
182033
182036
182039
182049
182055
182061
182137
182141
