48063
48064
48065
48068
48070
48072
48075
48077
48078
48079
48081
48085
48088
48091
48094
48096
48098
48102
48104
48106
48109
48112
48114
48117
48120
48123
48126
48128
48130
48134
48136
48138
48141
48144
48146
48149
48152
48155
48158
48160
48162
48166
48168
48170
48173
48176
48178
48181
48184
48187
48190
48192
48194
48198
48200
48202
48205
48208
48210
48213
48216
48219
48222
48224
48226
48230
48232
48234
48237
48240
48243
48246
48333
48346
48354
48359
48372
48377
48383
48386
48391
48394
48397
48399
48407
48409
48411
48418
48420
48424
48428
48430
48433
48438
48441
48444
48447
48450
48453
48456
48458
48460
48464
48466
48468
48472
48476
48478
48481
48486
48489
48492
48495
48498
48501
48504
48506
48508
48512
48514
48516
48520
48524
48526
48529
48534
48537
48540
48543
48546
48549
48552
48554
48556
48560
48562
48564
48568
48572
48574
48577
48581
48584
48587
48590
48593
48596
48600
48602
48604
48608
48611
48613
48616
48619
48622
48625
48629
48632
48635
48638
48641
48645
48647
48649
48652
48655
48658
48661
48664
48667
48670
48930
48951
48953
48963
48966
48971
48974
48977
48979
48987
48989
48993
48997
48999
49002
49006
49009
49012
49014
49016
49020
49022
49024
49028
49032
49034
49036
49040
49043
49046
49049
49052
49056
49058
49060
49064
49068
49070
49072
49076
49079
49082
49085
49088
49092
49094
49097
49101
49104
49107
49110
49113
49116
49119
49122
49125
49129
49132
49135
49138
49663
49667
49673
49675
49687
49694
49696
49703
49705
49707
49709
49718
49720
49722
49731
49733
49735
49742
49744
49747
49751
49754
49762
49767
49772
49777
69840
69855
69881
69887
69891
70252
70254
70257
70261
70263
70266
70269
70271
70274
70277
70281
70284
70287
70291
70294
70297
70300
70303
70307
70316
70320
70322
70324
70328
70331
70333
70337
70340
70347
70351
70356
70367
70382
70626
70628
70631
70634
70637
70640
70643
70646
70649
70652
70654
70656
70660
70663
70665
70668
70672
70675
70678
70681
70684
70687
70689
70692
70695
70699
70702
70706
70709
70713
70715
70718
70722
70725
70729
70731
70733
70737
70740
70742
70746
70749
70754
70758
70761
70763
70765
70769
70771
70774
70778
70781
70785
70795
70798
70802
70804
70814
70822
70826
70828
70838
70992
70994
70997
71001
71003
71006
71009
71011
71014
71017
71021
71024
71027
71031
71034
71036
71040
71043
71045
71048
71052
71055
71057
71059
71063
71065
71068
71072
71075
71079
71081
71084
71088
71091
71095
71097
71099
71103
71106
71108
71112
71115
71117
71120
71124
71127
71129
71131
71135
71137
71139
71143
71147
71149
71152
71157
71160
71164
71166
71168
71172
71176
71178
71180
71184
71188
71190
71192
71196
71200
71208
71212
71219
71223
71235
71244
71247
71257
71262
71269
71275
71281
71287
71293
71300
71314
71317
71320
71323
71326
71329
71332
71335
71338
71342
71345
71349
71352
71355
71357
71360
71363
71366
71369
71373
71376
71378
71382
71385
71387
71390
71394
71397
71399
71401
71405
71407
71410
71414
71417
71421
71423
71426
71430
71433
71437
71439
71441
71445
71449
71451
71454
71458
71461
71463
71465
71469
71471
71473
71477
71481
71483
71486
71491
71494
71497
71499
71501
71505
71507
71509
71513
71517
71519
71522
71527
71530
71533
71535
71539
71543
71545
71547
71551
71555
71558
71563
71566
71570
71573
71576
71579
71582
71585
71588
71591
71594
71597
71600
71603
71606
71609
71612
71618
71621
71624
71627
71630
71633
71636
71639
71642
71646
71649
71653
71656
71659
71661
71664
71667
71670
71673
71677
71680
71682
71686
71689
71691
71694
71698
71701
71703
71705
71709
71711
71713
71717
71721
71723
71726
71731
71734
71737
71739
71741
71745
71747
71749
71753
71757
71759
71762
71767
71770
71774
71776
71778
71782
71786
71788
71790
71794
71798
71800
71802
71804
71808
71811
71813
71816
71819
71822
71827
71830
71834
71837
71840
71843
71846
71849
71852
71858
71861
71864
71867
71870
71873
71876
71879
71882
71886
71889
71894
71897
71900
71903
71906
71909
71912
71915
71918
71922
71926
71929
71933
71936
71939
71942
71945
71948
71951
71953
71956
71960
71964
71966
71969
71973
71976
71979
71984
71987
71990
71992
71994
71998
72000
72002
72006
72010
72013
72018
72021
72026
72029
72032
72034
72038
72042
72044
72047
72054
72059
72064
72067
72070
72074
72077
72082
72086
72091
72096
72097
72100
72102
72106
72109
72111
72113
72116
72118
72120
72123
72126
72128
72131
72134
72137
72140
72142
72144
72148
72150
72152
72154
72156
72159
72161
72163
72166
72169
72171
72174
72177
72180
72183
72186
72189
72192
72195
72197
72199
72203
72205
72207
72210
72213
72215
72218
72221
72224
72227
72230
72233
72236
72240
72242
72244
72247
72250
72253
72256
72260
72261
72267
72270
72276
72279
72281
72285
72288
72290
72292
72296
72300
72302
72307
72309
72313
72317
72319
72321
72323
72325
72328
72330
72332
72336
72340
72342
72345
72349
72352
72355
72357
72359
72363
72365
72367
72371
72375
72377
72379
72383
72386
72389
72392
72395
72398
72400
72402
72406
72408
72410
72414
72417
72420
72423
72426
72429
72431
72434
72438
72441
72444
72447
72450
72453
72456
72459
72462
72466
72468
72470
72473
72476
72479
72482
72485
72487
72490
72493
72496
72500
72502
72504
72507
72511
72513
72518
72521
72523
72525
72528
72530
72533
72537
72539
72542
72547
72550
72553
72555
72559
72563
72565
72567
72569
72571
72574
72576
72578
72582
72586
72588
72593
72596
72601
72604
72607
72609
72611
72615
72617
72619
72623
72627
72629
72632
72637
72640
72643
72645
72647
72651
72653
72655
72657
72659
72662
72664
72666
72670
72674
72676
72679
72683
72686
72689
72692
72695
72698
72702
72704
72707
72711
72714
72718
72720
72722
72726
72729
72732
72735
72738
72741
72743
72745
72749
72751
72753
72757
72760
72763
72766
72769
72773
72775
72777
72781
72784
72787
72790
72793
72796
72799
72802
72805
72808
72810
72812
72816
72818
72820
72824
72827
72829
72832
72836
72839
72842
72845
72848
72851
72854
72857
72860
72863
72865
72868
72871
72875
72877
72880
72883
72886
72889
72892
72895
72898
72935
72945
72952
72962
72964
72974
72976
72986
72988
72990
72999
73001
73009
73011
73016
73018
73021
73027
73031
73038
73040
73044
73048
73050
73053
73057
73060
73062
73065
73072
73074
73078
73082
73084
73086
73090
73094
73096
73099
73103
73106
73110
73112
73114
73117
73121
73123
73125
73129
73132
73134
73138
73141
73143
73145
73148
73151
73154
73158
73162
73164
73167
73171
73174
73177
73180
73183
73186
73189
73191
73194
73198
73201
73204
73207
73210
73214
73216
73218
73221
73224
73227
73230
73381
73384
73387
73403
73405
73415
73418
73423
73432
73434
73442
73444
73446
73455
73458
73462
73465
73469
73471
73473
73477
73480
73482
73484
73488
73490
73492
73496
73499
73502
73505
73508
73512
73514
73516
73520
73523
73526
73529
73532
73536
73538
73540
73544
73547
73550
73553
73556
73559
73561
73564
73568
73571
73573
73576
73579
73583
73585
73588
73853
73860
73868
73877
73879
73896
73903
73906
73912
73914
73917
73920
73923
73927
73947
73954
73960
73970
92233
92708
92711
92714
92717
92720
92723
92725
92729
92732
92744
92746
92748
92752
92754
92757
92761
92764
92768
92790
92794
92796
92798
92802
92811
92814
92827
93179
93181
93185
93188
93190
93193
93196
93199
93203
93206
93210
93213
93217
93219
93221
93225
93229
93231
93233
93237
93240
93242
93246
93249
93251
93253
93257
93261
93263
93266
93270
93273
93277
93279
93281
93285
93289
93291
93293
93297
93301
93303
93309
93313
93315
93317
93321
93325
93333
93337
93345
93348
93350
93360
93629
93631
93634
93637
93641
93643
93646
93649
93652
93655
93658
93661
93666
93668
93672
93675
93677
93681
93684
93686
93689
93694
93697
93700
93702
93704
93708
93710
93713
93717
93720
93724
93726
93729
93734
93737
93740
93742
93744
93748
93750
93752
93756
93759
93761
93765
93768
93770
93773
93778
93781
93784
93786
93788
93792
93794
93796
93800
93804
93806
93809
93814
93817
93820
93822
93826
93830
93832
93834
93838
93842
93844
93849
93851
93855
93859
93861
93863
93867
93871
93873
93875
93879
93883
93885
93888
93891
93899
93903
93913
93918
94037
94039
94042
94046
94049
94053
94056
94059
94062
94066
94069
94072
94075
94079
94082
94087
94090
94093
94096
94099
94102
94105
94107
94110
94114
94117
94119
94123
94126
94128
94131
94136
94139
94142
94144
94146
94150
94152
94155
94159
94162
94166
94168
94171
94176
94179
94182
94184
94186
94190
94192
94194
94198
94202
94204
94207
94212
94215
94218
94220
94222
94226
94228
94230
94234
94238
94240
94243
94248
94251
94254
94256
94258
94262
94264
94266
94268
94270
94273
94275
94277
94281
94285
94288
94291
94296
94299
94302
94305
94310
94313
94316
94318
94320
94324
94326
94328
94335
94340
94343
94348
94351
94354
94357
94362
94366
94371
94381
94384
94387
94390
94393
94396
94400
94403
94408
94411
94414
94417
94420
94424
94428
94431
94436
94439
94442
94445
94448
94452
94456
94459
94464
94467
94470
94473
94478
94482
94486
94491
94494
94499
94503
94508
