45778
45779
45780
45782
45784
45786
45789
45791
45793
45795
45797
45800
45804
45806
45813
45819
45825
45831
45835
45839
45843
45849
45852
45856
45862
45865
46790
46791
46792
46794
46796
46800
46803
46805
46806
46807
46810
46817
46820
46824
46827
46830
46832
46836
46839
46841
46843
46845
46849
46852
46854
46856
46858
46862
46865
46867
46869
46871
46875
46878
46892
46897
46902
46907
46913
46917
47778
47779
47780
47783
47787
47790
47793
47796
47798
47802
47805
47807
47809
47811
47815
47818
47820
47822
47824
47828
47831
47833
47835
47837
47841
47844
47846
47848
47850
47854
47857
47859
47861
47864
47871
47876
47881
47886
47891
47893
47897
47901
47903
47905
47907
47911
47914
47927
48794
48796
48799
48802
48804
48807
48810
48813
48816
48819
48822
48825
48828
48831
48834
48837
48840
48843
48846
48849
48852
48855
48858
48861
48864
48866
48870
48873
48875
48877
48879
48883
48886
48890
48893
48897
48900
48904
48908
48913
48915
48919
48923
49822
49823
49824
49826
49828
49832
49835
49837
49838
49839
49842
49849
49852
49856
49859
49862
49865
49868
49871
49874
49877
49880
49883
49886
49889
49892
49895
49898
49901
49904
49907
49910
49913
49916
49919
49922
49924
49928
49931
49945
49951
49953
49957
49961
50914
50916
50919
50923
50926
50930
50933
50935
50938
50942
50945
50948
50951
50954
50957
50960
50963
50966
50969
50972
50975
50978
50981
50984
50987
50990
50993
50996
50999
51002
51005
51008
51011
51014
51017
51019
51023
51026
51028
51034
51051
51054
51058
51061
52028
52031
52034
52037
52042
52045
52048
52051
52054
52057
52059
52062
52065
52068
52071
52074
52077
52080
52083
52086
52089
52092
52095
52098
52101
52104
52107
52110
52113
52116
52119
52121
52125
52128
52130
52135
52142
52151
53126
53129
53132
53135
53138
53141
53144
53147
53150
53153
53156
53159
53162
53165
53168
53171
53174
58409
58430
58442
58444
58447
58450
58453
58456
58913
58916
58919
58923
58925
58927
58930
58933
58944
58946
58948
58952
58955
58958
58961
58964
58967
58970
58973
58977
58980
58983
58986
59417
59420
59423
59426
59428
59432
59435
59437
59439
59443
59447
59449
59452
59456
59459
59462
59465
59468
59471
59474
59477
59480
59483
59486
59489
59492
59496
59954
59961
59964
59968
59971
59974
59976
59980
59983
59985
59987
59989
59993
59996
59998
60000
60004
60008
60010
60015
60018
60022
60025
60028
60031
60034
60037
60040
60043
60046
60050
60597
60599
60601
60605
60608
60610
60620
60622
60627
60630
60634
60637
60640
60642
60646
60649
60651
60653
60657
60661
60663
60666
60670
60673
60676
60679
60682
60685
60688
60691
60694
60698
61191
61193
61197
61201
61203
61213
61215
61218
61222
61225
61228
61230
61234
61237
61239
61240
61241
61244
61248
61251
61255
61259
61262
61266
61269
61272
61275
61278
61281
61284
61695
61703
61706
61709
61714
61717
61720
61723
61726
61729
61732
61735
61738
61741
61744
61747
61752
61755
61765
61770
61773
61778
61781
61784
61787
61792
61795
61799
61805
61810
61815
61836
61837
61838
61841
61843
61845
61848
61850
61852
61854
61856
61859
61861
61863
61865
61867
61870
61872
61873
61875
61878
61881
61884
61892
61900
61908
61912
61916
61919
61921
61923
61946
61947
61948
61950
61952
61956
61959
61961
61963
61965
61969
61972
61974
61975
61976
61978
61980
61982
61985
61987
61989
61991
61995
61998
62000
62003
62010
62015
62018
62022
62025
62028
62030
62034
62037
62039
62041
62043
62047
62050
62052
62054
62063
62069
62074
62079
62085
62089
62093
62097
62226
62227
62228
62230
62232
62236
62239
62241
62243
62245
62249
62252
62254
62257
62261
62264
62267
62270
62273
62276
62279
62282
62284
62288
62291
62293
62295
62297
62301
62304
62306
62309
62313
62315
62320
62325
62330
62333
62337
62340
62343
62345
62349
62352
62363
62366
62370
62373
62376
62382
62664
62667
62670
62673
62675
62678
62681
62684
62687
62690
62693
62696
62699
62702
62705
62708
62711
62714
62717
62720
62723
62726
62729
62732
62735
62737
62741
62744
62746
62748
62750
62754
62757
62759
62762
62763
62768
62773
62775
62779
62783
62793
62796
62800
62803
63231
63233
63236
63239
63241
63244
63247
63250
63253
63256
63259
63262
63265
63268
63271
63274
63277
63280
63283
63286
63289
63292
63295
63298
63301
63304
63307
63310
63314
63316
63319
63323
63326
63330
63336
63338
63342
63345
63347
63351
63354
63373
63376
63821
63824
63827
63830
63832
63835
63838
63841
63844
63847
63850
63853
63856
63859
63862
63865
63868
63871
63874
63877
63880
63883
63886
63889
63892
63894
63898
63901
63903
63908
63914
63917
63921
63924
63927
63929
63933
64361
64364
64367
64370
64372
64375
64378
64381
64384
64387
64390
64393
64396
64399
64402
64405
64408
64411
64414
64417
64420
64423
64426
64429
64433
64435
64446
64448
64452
64455
64458
64461
64935
64938
64941
64944
64947
64950
64955
64958
64961
64964
64967
64970
64973
64976
64979
64982
64985
64988
64991
64993
64997
65000
65018
65021
65025
65480
65483
65488
65491
65494
65497
65502
65505
65508
65511
65514
65517
65561
68609
68612
68615
68619
68622
68626
68628
68631
68634
68638
68641
68644
68647
69748
69750
69752
69756
69759
69762
69765
69768
69772
69774
69776
69780
69784
69786
69788
69792
69795
69798
69801
69804
69807
69810
69813
69816
69819
69822
69825
69829
70907
70914
70916
70918
70920
70924
70927
70943
70945
70950
70952
70956
70960
70962
70964
70966
70970
70973
70975
70977
70981
70985
70987
70992
70995
70999
71002
71005
71008
71011
71014
71017
71020
71023
71027
72017
72020
72023
72025
72029
72032
72034
72036
72040
72042
72045
72049
72052
72055
72057
72061
72064
72066
72067
72068
72071
72075
72078
72082
72086
72089
72093
72096
72099
72102
72105
72108
72111
73067
73070
73074
73077
73080
73082
73086
73089
73091
73094
73097
73100
73103
73107
73110
73113
73115
73119
73122
73124
73125
73126
73129
73133
73136
73139
73142
73148
73151
73155
73158
73161
74104
74106
74108
74110
74114
74117
74125
74127
74132
74134
74138
74142
74144
74146
74148
74152
74155
74157
74158
74159
74162
74166
74169
74173
74177
74182
74184
74188
74192
74194
74197
74201
74204
74207
74210
74216
75050
75053
75056
75058
75062
75065
75070
75073
75076
75079
75083
75086
75089
75091
75095
75098
75100
75102
75104
75108
75111
75113
75116
75120
75123
75126
75129
75135
75140
76059
76066
76082
76084
76088
76092
76094
76096
76098
76102
76105
76107
76109
76111
76115
76118
76120
76122
76124
76128
76131
76133
76136
76143
76148
76153
76158
77023
77033
77035
77037
77041
77044
77046
77048
77050
77059
77065
77083
77088
77093
77098
