40845
40846
40847
40850
40852
40854
40857
40859
40861
40864
40868
40869
40870
40872
40874
40876
40890
40891
40892
40894
40896
40898
40901
40903
40905
40907
40911
40914
40916
40917
40918
40920
40924
40927
40930
40933
40939
40941
40944
40948
40950
40952
40954
40958
40961
40971
40974
40978
40985
40991
40997
41007
41014
41020
41025
41029
41037
41416
41418
41421
41424
41426
41429
41432
41435
41438
41440
41444
41447
41449
41450
41451
41454
41458
41461
41465
41469
41472
41476
41479
41482
41484
41488
41491
41496
41499
41504
41510
41513
41517
41520
41523
42034
42035
42036
42039
42043
42046
42049
42052
42055
42058
42061
42064
42066
42070
42073
42075
42077
42080
42083
42085
42091
42094
42098
42101
42104
42106
42110
42113
42115
42117
42119
42123
42126
42130
42140
42622
42624
42627
42630
42632
42635
42638
42641
42644
42647
42650
42653
42656
42658
42662
42665
42667
42669
42673
42677
42679
42682
42686
42689
42692
42695
42698
42701
42704
42706
42710
42713
42717
43100
43102
43105
43108
43111
43114
43117
43119
43122
43125
43128
43131
43133
43137
43140
43142
43144
43148
43153
43156
43159
43163
43166
43170
43173
43176
43179
43182
43185
43189
43203
43205
43976
43978
43981
43984
43986
43989
43992
43995
43999
44003
44006
44011
44014
44017
44021
44025
44027
44031
44034
44037
44040
44043
44046
44048
44052
45298
45346
45348
45349
45350
45352
45354
45356
45359
45361
45363
45367
45370
45373
45376
45379
45382
45385
45388
45391
45394
45397
45400
45403
45406
45409
45413
45415
45417
45420
45423
45426
45429
45432
45435
45438
45441
45443
45446
45449
45452
45455
45458
45461
45464
45468
45470
45472
45475
45478
45481
45484
45488
45490
45493
45508
45517
45520
45524
45527
45530
45533
45536
45539
45542
45545
46895
46902
46904
46906
46909
46912
46915
46920
46927
46929
46933
46936
46938
46940
46944
46946
46949
46953
46956
46959
46961
46964
46967
46971
46973
46977
46980
46983
46986
46989
46993
46995
46997
47000
47003
47006
47010
47013
47016
47019
47022
47025
47028
47031
47035
47038
47041
47044
47059
47067
47073
48063
48067
48070
48074
48082
48084
48087
48091
48094
48097
48099
48103
48106
48108
48110
48113
48117
48119
48121
48125
48129
48131
48133
48137
48141
48143
48146
48150
48153
48156
48159
48162
48165
48168
48171
48174
48177
48180
48183
48186
48189
48192
48195
48198
48202
49196
49199
49201
49205
49208
49212
49220
49222
49225
49229
49232
49235
49237
49241
49244
49246
49248
49251
49255
49257
49259
49263
49267
49269
49270
49271
49274
49278
49281
49285
49289
49292
49296
49299
49302
49305
49308
49311
49314
49317
49320
49323
49326
49329
49332
49335
49338
50279
50282
50285
50287
50291
50294
50298
50306
50308
50311
50315
50318
50321
50323
50327
50330
50332
50335
50338
50341
50343
50347
50351
50353
50355
50357
50361
50364
50366
50368
50371
50374
50376
50382
50387
50390
50394
50397
50400
50403
50406
50409
50412
50415
50418
50422
51325
51331
51333
51337
51340
51342
51345
51348
51351
51354
51358
51361
51364
51366
51370
51373
51375
51377
51381
51383
51386
51390
51393
51396
51398
51402
51405
51407
51409
51411
51415
51418
51420
51422
51424
51428
51431
51433
51436
51440
51443
51447
51451
51456
51461
52423
52425
52429
52433
52435
52437
52439
52443
52446
52448
52451
52455
52457
52462
52464
52468
52472
52474
52476
52478
52482
52485
52487
52488
52489
52491
52493
52497
52500
52503
52509
52514
52517
52521
52524
52527
52530
52533
52536
52539
52545
53523
53530
53541
53546
53548
53552
53556
53558
53561
53564
53567
53570
53574
53577
53580
53582
53586
53589
53591
53593
53595
53599
53602
53604
53607
53611
53614
53617
53620
53626
53631
54517
54524
54537
54539
54543
54547
54549
54551
54553
54557
54560
54562
54564
54566
54570
54573
54575
54577
54579
54583
54586
54588
54591
54595
54598
54606
54611
54616
54621
55488
55490
55492
55496
55499
55510
55515
55518
55522
55525
55528
55531
55534
55537
55540
55543
55546
55549
55552
56450
56459
56461
56463
56472
56476
56495
56500
56505
66301
66302
66303
66305
66307
66309
66312
66314
66316
66318
66322
66325
66356
66363
67199
67200
67201
67203
67205
67207
67210
67212
67214
67216
67220
67223
67225
67227
67229
67233
67236
67238
67240
67243
67247
67249
67255
67260
67262
67266
67270
67272
67274
67276
67280
67283
67297
67305
68113
68116
68119
68122
68124
68127
68130
68133
68136
68139
68142
68145
68148
68150
68154
68157
68159
68161
68163
68167
68170
68172
68181
68186
68188
68192
68196
68198
68200
68202
68206
68209
68222
69113
69114
69115
69117
69119
69123
69126
69128
69130
69132
69136
69139
69141
69143
69146
69149
69151
69154
69157
69160
69163
69169
69174
69176
69180
69184
69186
69188
69190
69194
69197
69201
69205
69211
69216
69218
69222
69226
69230
69236
70129
70130
70131
70134
70138
70141
70144
70147
70150
70153
70156
70159
70161
70165
70168
70170
70172
70174
70178
70181
70183
70185
70188
70191
70193
70199
70204
70206
70210
70214
70216
70218
70220
70224
70227
70231
70235
70241
70246
70252
71275
71276
71277
71279
71281
71285
71288
71290
71292
71295
71298
71300
71303
71306
71309
71312
71318
71321
71325
71328
71331
71333
71337
71340
71342
71344
71348
71352
71354
71357
71361
71364
71367
71369
71373
71376
71390
71394
71398
71404
72309
72311
72314
72317
72319
72321
72325
72328
72330
72332
72335
72338
72340
72343
72346
72350
72354
72357
72361
72364
72367
72369
72373
72376
72378
72380
72384
72388
72390
72393
72397
72400
72403
72405
72409
72412
72430
72434
72438
73339
73365
73367
73371
73374
73377
73380
73384
73387
73393
73397
73399
73402
73406
73408
73411
73414
73417
73421
73424
73426
73429
73433
73436
73439
73442
73445
73448
73450
73454
73457
73459
73461
73465
73468
73470
73473
73476
73480
73483
73487
73490
73493
73495
73499
73502
73520
74430
74458
74460
74463
74466
74469
74473
74476
74478
74481
74484
74487
74490
74493
74496
74499
74503
74506
74508
74511
74514
74518
74520
74523
74526
74529
74532
74535
74538
74541
74545
74547
74550
74553
74556
74563
74566
74570
74572
74575
74578
74581
74585
74588
74590
74593
74596
74601
74604
74613
74616
74644
75514
75516
75533
75535
75538
75542
75545
75548
75550
75554
75557
75559
75561
75564
75567
75570
75574
75577
75579
75582
75585
75589
75592
75596
75599
75602
75605
75608
75611
75614
75617
75620
75624
75627
75630
75633
76567
76569
76571
76575
76578
76582
76589
76591
76596
76598
76602
76606
76608
76610
76612
76616
76619
76621
76623
76626
76629
76632
76636
76640
76642
76647
76650
76654
76657
76660
76663
76666
76669
76672
76675
76678
76682
76685
76688
76691
77668
77670
77674
77677
77682
77693
77695
77698
77702
77705
77708
77710
77714
77717
77719
77721
77725
77729
77731
77734
77738
77741
77744
77747
77750
77753
77756
77759
77762
77765
77768
77771
77774
77778
78513
78515
78519
78522
78524
78530
78534
78536
78539
78543
78546
78549
78551
78555
78558
78560
78562
78566
78570
78572
78575
78579
78582
78585
78588
78591
78594
78597
78600
78603
78606
78609
78612
78615
78619
79083
79085
79089
79092
79094
79104
79106
79109
79113
79116
79119
79121
79125
79128
79130
79132
79136
79140
79142
79145
79149
79152
79155
79158
79161
79164
79167
79170
79173
79176
79179
79182
79185
79189
79547
79549
79553
79557
79559
79561
79563
79567
79570
79572
79573
79574
79577
79584
79589
79591
79595
79599
79601
79603
79605
79609
79612
79614
79616
79618
79622
79625
79627
79628
79629
79632
79639
79644
79649
79652
79656
79659
79662
79882
79885
79889
79892
79895
79897
79901
79914
79919
79924
79927
79938
80020
