7
9
11
12
13
14
16
17
18
19
21
22
24
25
26
27
29
30
32
33
34
35
37
38
40
41
42
43
44
45
46
51
52
53
54
55
56
57
58
59
60
62
63
64
65
66
100
101
102
103
116
117
132
133
148
160
161
171
172
173
174
175
176
177
178
188
189
190
191
192
193
194
195
196
197
198
199
200
201
202
203
204
205
206
333
342
343
344
345
346
347
348
349
350
351
352
353
354
355
356
357
358
359
360
491
492
494
495
496
497
498
499
501
510
511
512
513
514
515
516
517
518
519
520
521
522
668
670
671
672
673
674
675
676
677
679
680
691
692
693
694
695
696
697
698
699
700
701
702
897
898
899
900
901
902
903
904
905
906
907
908
909
910
912
915
919
920
921
922
923
924
925
926
927
928
929
930
1102
1117
1118
1119
1120
1121
1122
1123
1124
1125
1126
1127
1128
1129
1130
1131
1132
1133
1134
1135
1136
1137
1141
1142
1143
1144
1145
1146
1310
1311
1312
1313
1314
1315
1316
1317
1318
1319
1320
1321
1322
1326
1327
1328
1329
1330
1331
1332
1333
1334
1335
1336
1337
1338
1339
1340
1341
1342
1343
1344
1345
1346
1347
1348
1349
1350
1538
1539
1540
1541
1542
1543
1544
1545
1546
1547
1548
1549
1550
1551
1552
1553
1554
1555
1556
1557
1558
1562
1563
1564
1565
1566
1567
1568
1569
1570
1571
1572
1573
1574
1740
1741
1742
1743
1744
1745
1766
1767
1768
1769
1770
1771
1772
1773
1774
1775
1776
1777
1778
1779
1780
1781
1782
1783
1784
1785
1786
1787
1788
1792
1793
1794
1960
1961
1962
1963
1964
1965
1966
1967
1968
1969
1970
1971
1972
1973
1974
1982
1983
1984
1985
1986
1987
1988
1989
1990
1991
1992
1993
1994
1995
1996
1997
1998
1999
2000
2182
2184
2187
2188
2189
2190
2191
2192
2193
2194
2195
2196
2197
2206
2207
2208
2209
2210
2211
2212
2213
2214
2215
2216
2217
2218
2220
2406
2407
2408
2409
2410
2411
2412
2413
2414
2415
2416
2417
2418
2419
2420
2421
2422
2423
2424
2425
2426
2593
2594
2595
2596
2597
2598
2599
2600
2601
2602
2603
2604
2605
2606
2607
2608
2611
2624
2625
2626
2627
2628
2629
2630
2631
2632
2633
2634
2635
2636
2637
2638
2792
2815
2816
2817
2818
2819
2820
2821
2822
2823
2824
2825
2826
2827
2828
2829
2830
2831
2832
2833
2834
2835
2836
2842
2843
2844
2996
2997
2998
2999
3000
3001
3002
3003
3004
3005
3006
3007
3008
3011
3019
3020
3021
3022
3023
3024
3025
3026
3027
3028
3029
3030
3031
3032
3033
3034
3190
3211
3213
3214
3215
3216
3217
3218
3219
3220
3221
3222
3223
3224
3225
3226
3227
3228
3229
3230
3231
3237
3238
3239
3240
3241
3242
3392
3393
3394
3395
3396
3397
3398
3399
3400
3420
3421
3422
3423
3424
3425
3426
3427
3428
3429
3430
3431
3432
3433
3434
3435
3608
3609
3611
3612
3613
3614
3615
3616
3617
3618
3619
3620
3621
3622
3623
3625
3626
3631
3632
3633
3634
3635
3636
3637
3638
3639
3640
3641
3642
3643
3644
3797
3798
3799
3819
3820
3821
3822
3823
3824
3825
3826
3827
3828
3829
3830
3831
3832
3833
3834
3835
3836
3837
3838
3839
3840
3844
3845
3846
4016
4017
4019
4020
4021
4022
4023
4024
4025
4026
4027
4028
4029
4030
4031
4034
4039
4040
4041
4042
4043
4044
4045
4046
4047
4048
4049
4050
4051
4052
4053
4054
4055
4056
4206
4224
4225
4226
4227
4228
4229
4230
4231
4232
4233
4234
4235
4236
4237
4238
4239
4240
4241
4242
4243
4244
4245
4248
4249
4250
4251
4252
4253
4254
4255
4256
4418
4419
4421
4422
4423
4424
4425
4426
4427
4430
4434
4435
4436
4437
4438
4439
4440
4441
4442
4443
4444
4445
4446
4447
4448
4449
4450
4451
4452
4453
4454
4604
4620
4621
4622
4623
4624
4625
4626
4627
4628
4629
4630
4631
4632
4633
4634
4635
4636
4637
4638
4639
4640
4641
4642
4643
4646
4647
4648
4649
4650
4651
4652
4653
4654
4820
4821
4823
4824
4825
4826
4827
4828
4839
4840
4841
4842
4843
4844
4845
4846
4847
4848
4849
4850
4851
4852
4853
4854
4855
4856
5020
5021
5022
5023
5024
5025
5026
5027
5028
5029
5030
5031
5032
5033
5034
5035
5036
5037
5043
5044
5045
5046
5047
5048
5211
5212
5214
5215
5216
5217
5218
5219
5220
5221
5222
5227
5228
5229
5230
5231
5232
5233
5234
5235
5236
5237
5238
5239
5240
5241
5242
5243
5244
5245
5246
5408
5409
5410
5411
5412
5413
5414
5415
5416
5417
5418
5419
5420
5421
5422
5423
5424
5425
5426
5427
5428
5429
5430
5431
5432
5436
5437
5438
5599
5600
5601
5602
5603
5604
5605
5606
5607
5608
5609
5610
5611
5612
5613
5614
5615
5616
5617
5622
5623
5624
5625
5626
5627
5628
5629
5630
5631
5632
5633
5634
5784
5785
5786
5787
5788
5789
5793
5797
5798
5799
5800
5801
5802
5803
5804
5805
5806
5807
5808
5809
5810
5811
5812
5813
5814
5815
5816
5817
5818
5988
5989
5990
5991
5992
5993
5994
5995
5996
5997
5998
5999
6000
6001
6002
6003
6004
6005
6006
6007
6008
6009
6010
6014
6015
6016
6171
6172
6173
6174
6175
6176
6177
6178
6179
6180
6181
6182
6183
6184
6185
6186
6187
6192
6193
6194
6195
6196
6197
6198
6199
6200
6201
6202
6203
6204
6351
6352
6353
6354
6355
6364
6365
6366
6367
6368
6369
6370
6371
6372
6373
6374
6375
6376
6377
6378
6379
6380
6381
6382
6383
6384
6554
6555
6556
6557
6558
6559
6560
6561
6562
6563
6564
6565
6566
6567
6568
6569
6570
6571
6572
6573
6719
6721
6722
6723
6724
6725
6726
6727
6728
6729
6730
6731
6732
6733
6734
6735
6736
6737
6746
6747
6748
6749
6750
6751
6752
6753
6754
6906
6907
6920
6921
6922
6923
6924
6925
6926
6927
6928
6929
6930
6931
6932
7101
7102
7103
7104
7105
7106
7107
7108
7109
7110
7111
7112
7113
7114
7115
7269
7270
7271
7272
7273
7274
7275
7276
7277
7278
7279
7280
7281
7282
7283
7284
7285
7292
7293
7294
7450
7451
7453
7454
7455
7456
7457
7458
7459
7462
7470
7471
7472
7473
7474
7475
7476
7477
7478
7479
7480
7481
7482
7634
7636
7637
7638
7639
7640
7641
7642
7643
7644
7645
7646
7647
7648
7649
7803
7804
7805
7806
7807
7808
7809
7810
7811
7812
7813
7814
7815
7816
7817
7818
7819
7820
7821
7822
7824
7828
7829
7830
7983
7984
7985
7986
7987
7988
7989
7990
7991
7992
7993
7994
7995
7996
7997
7998
7999
8000
8001
8002
8003
8004
8009
8010
8011
8012
8160
8161
8162
8163
8164
8165
8166
8167
8168
8169
8170
8171
8172
8173
8174
8175
8183
8184
8185
8186
8187
8188
8189
8190
8191
8192
8193
8194
8195
8196
8197
8198
8324
8325
8329
8341
8342
8343
8344
8345
8346
8347
8348
8349
8350
8351
8352
8353
8354
8355
8356
8357
8358
8359
8360
8361
8362
8512
8513
8514
8515
8516
8517
8518
8519
8520
8521
8522
8523
8524
8525
8526
8527
8528
8529
8530
8531
8532
8533
8534
8698
8699
8700
8701
8702
8703
8704
8705
8706
8707
8708
8709
8710
8711
8712
8713
8714
8715
8716
8717
8718
8719
8725
8726
8727
8728
8729
8730
8869
8871
8872
8873
8874
8875
8876
8877
8878
8879
8880
8881
8882
8883
8886
8891
8892
8893
8894
8895
8896
8897
8898
8899
8900
8901
8902
8903
8904
9050
9051
9052
9053
9054
9055
9065
9066
9067
9068
9069
9070
9071
9072
9073
9074
9075
9076
9077
9078
9079
9080
9081
9082
9083
9084
9247
9248
9249
9250
9251
9252
9253
9254
9255
9256
9257
9258
9259
9260
9261
9262
9263
9264
9265
9266
9267
9268
9269
9270
9431
9432
9433
9434
9435
9436
9437
9438
9439
9440
9441
9442
9443
9444
9445
9446
9447
9448
9449
9450
9451
9452
9454
9455
9456
9457
9458
9459
9460
9623
9625
9626
9627
9628
9629
9630
9631
9632
9633
9634
9635
9636
9637
9640
9641
9642
9643
9644
9645
9646
9647
9648
9649
9650
9805
9806
9808
9809
9810
9811
9812
9816
9817
9818
9819
9820
9821
9822
9823
9824
9825
9826
9827
9828
9829
9830
9986
9989
9992
9994
9995
9996
9997
9998
9999
10000
10001
10002
10003
10004
10005
10006
10150
10151
10152
10153
10154
10155
10156
10157
10158
10159
10160
10161
10162
10267
10275
10276
10277
10278
10279
10280
10281
10282
10283
10284
10285
10286
10287
10290
10291
10292
10391
10392
10393
10394
10395
10396
10397
10398
10399
10400
10401
10402
10404
10406
10407
10408
10460
10461
10463
10466
10467
10468
10469
10470
10471
10472
10473
10474
10475
10476
10477
10479
10480
10481
10482
10483
10484
10518
10519
10521
10522
10523
10524
10525
10526
10527
10528
10529
10531
10532
10533
10534
10535
10536
10537
10538
10562
10563
10564
10565
10566
21539
21540
21541
21542
21543
21544
21545
21547
21549
21600
21601
21602
21603
21604
21605
21606
21607
21608
21609
21610
21611
21612
21613
21614
21615
21616
21617
21618
21620
21621
21622
21625
21626
21630
21682
21683
21684
21685
21686
21687
21688
21689
21690
21691
21692
21693
21694
21695
21696
21697
21698
21699
21700
21701
21702
21703
21705
21706
21707
21708
21765
21768
21769
21770
21771
21772
21773
21774
21775
21776
21777
21778
21779
21780
21782
21783
21788
21834
21836
21837
21838
21839
21840
21841
21842
21843
21844
21845
21846
21847
21848
21849
21850
21851
21852
21857
21906
21907
21908
21909
21910
21911
21912
21913
21914
21915
21916
21917
21918
21919
21920
21921
21922
21923
21924
21925
21930
21931
21933
22015
22016
22017
22018
22019
22020
22021
22022
22023
22024
22025
22026
22027
22028
22029
22030
22031
22032
22033
22038
22039
22040
22041
22042
22043
22044
22047
22153
22154
22155
22156
22157
22158
22159
22160
22161
22162
22163
22164
22169
22170
22171
22172
22173
22174
22175
22176
22177
22178
22179
22180
22181
22182
22183
22289
22290
22291
22296
22298
22299
22300
22301
22302
22303
22304
22305
22306
22307
22308
22309
22310
22311
22312
22313
22314
22402
22403
22404
22405
22406
22407
22408
22409
22410
22411
22412
22413
22414
22415
22416
22417
22418
22419
22420
22421
22518
22520
22521
22522
22523
22524
22525
22526
22527
22528
22529
22530
22531
22532
22533
22534
22535
22536
22537
22538
22540
22652
22653
22654
22655
22656
22657
22658
22659
22660
22661
22662
22663
22664
22665
22666
22667
22668
22669
22670
22684
22685
22686
22687
22688
22690
22781
22782
22783
22784
22785
22786
22787
22788
22789
22804
22805
22806
22807
22808
22809
22810
22811
22812
22813
22814
22815
22816
22817
22818
22819
22935
22936
22937
22938
22939
22940
22941
22942
22943
22944
22945
22946
22947
22948
22949
22950
22951
22952
23070
23072
23073
23074
23075
23076
23077
23078
23079
23080
23081
23082
23083
23084
23085
23086
23087
23088
23089
23090
23106
23107
23108
23109
23210
23211
23212
23213
23214
23215
23216
23217
23218
23219
23220
23238
23239
23240
23241
23242
23243
23244
23245
23246
23247
23248
23249
23250
23251
23252
23253
23254
23256
23381
23382
23383
23384
23385
23386
23387
23388
23389
23390
23391
23392
23393
23394
23395
23396
23397
23398
23399
23400
23401
23532
23533
23534
23535
23536
23537
23538
23539
23540
23541
23542
23543
23544
23545
23546
23547
23548
23549
23550
23551
23552
23553
23559
23560
23561
23562
23564
23674
23675
23676
23677
23678
23679
23680
23681
23682
23683
23684
23685
23686
23687
23701
23702
23703
23704
23705
23706
23707
23708
23709
23710
23711
23712
23713
23714
23715
23716
23717
23718
23719
23826
23827
23828
23845
23846
23847
23848
23849
23850
23851
23852
23853
23854
23855
23856
23857
23858
23859
23860
23861
23862
23863
23864
23865
23866
23867
23868
23869
23870
23871
23872
23877
23879
23992
23993
23994
23995
23996
23997
23998
23999
24000
24001
24002
24003
24004
24005
24006
24007
24008
24009
24010
24011
24012
24013
24014
24015
24016
24021
24022
24023
24024
24025
24026
24027
24146
24147
24148
24149
24150
24151
24152
24153
24154
24155
24156
24157
24158
24159
24160
24161
24162
24163
24164
24165
24177
24178
24179
24180
24181
24182
24183
24184
24185
24186
24187
24188
24189
24190
24191
24298
24299
24300
24301
24302
24303
24304
24305
24306
24307
24308
24309
24310
24311
24328
24329
24330
24331
24332
24333
24334
24335
24336
24337
24338
24339
24340
24341
24342
24343
24344
24345
24346
24347
24348
24349
24351
24464
24465
24466
24484
24485
24486
24487
24488
24489
24490
24491
24492
24493
24494
24495
24496
24497
24498
24499
24500
24501
24502
24503
24504
24505
24506
24507
24508
24509
24515
24632
24633
24634
24635
24636
24637
24638
24639
24640
24641
24642
24643
24644
24645
24646
24647
24648
24649
24650
24651
24652
24653
24654
24669
24670
24671
24672
24673
24674
24786
24787
24788
24789
24790
24791
24792
24793
24794
24795
24796
24797
24816
24817
24818
24819
24820
24821
24822
24823
24824
24825
24826
24827
24828
24829
24830
24831
24832
24833
24834
24835
24836
24837
24972
24973
24974
24975
24976
24977
24978
24979
24980
24981
24982
24983
24984
24985
24986
24987
24988
24989
24990
24991
24992
24993
24994
24995
24996
24997
24998
24999
25001
25117
25118
25119
25120
25121
25122
25123
25124
25125
25126
25127
25128
25129
25130
25131
25132
25133
25134
25135
25136
25137
25138
25139
25140
25141
25142
25143
25159
25160
25161
25162
25163
25278
25279
25280
25281
25282
25283
25284
25285
25286
25287
25288
25289
25290
25291
25292
25293
25294
25295
25314
25315
25316
25317
25318
25319
25320
25321
25322
25323
25324
25325
25326
25327
25328
25329
25330
25331
25440
25441
25442
25458
25459
25460
25461
25462
25463
25464
25465
25466
25467
25468
25469
25470
25471
25472
25473
25474
25475
25476
25477
25478
25479
25480
25481
25482
25485
25604
25605
25606
25607
25608
25609
25610
25611
25612
25613
25614
25615
25616
25617
25618
25619
25620
25621
25622
25623
25624
25625
25626
25643
25644
25645
25646
25647
25648
25649
25650
25651
25652
25653
25654
25655
25656
25657
25658
25770
25771
25772
25791
25792
25793
25794
25795
25796
25797
25798
25799
25800
25801
25802
25803
25804
25805
25806
25807
25808
25809
25810
25811
25812
25813
25894
25943
25944
25945
25946
25947
25948
25949
25950
25951
25952
25953
25954
25955
25956
25957
25958
25959
25960
25961
25962
25963
25964
25965
25966
25983
25984
25985
25986
25987
25988
25989
26056
26059
26098
26099
26100
26101
26102
26103
26104
26105
26106
26107
26108
26109
26126
26127
26128
26129
26130
26131
26132
26133
26134
26135
26136
26137
26138
26139
26140
26141
26142
26143
26144
26145
26146
26147
26218
26231
26282
26283
26284
26285
26286
26287
26288
26289
26290
26291
26292
26293
26294
26295
26296
26297
26298
26299
26300
26301
26302
26303
26304
26305
26306
26324
26325
26326
26327
26394
26396
26436
26438
26439
26440
26441
26442
26443
26444
26445
26446
26447
26448
26449
26450
26467
26468
26469
26470
26471
26472
26473
26474
26475
26476
26477
26478
26479
26480
26481
26482
26483
26484
26485
26486
26487
26554
26555
26556
26557
26618
26619
26620
26621
26622
26623
26624
26625
26626
26627
26628
26629
26630
26631
26632
26633
26634
26635
26636
26637
26638
26639
26640
26641
26642
26643
26645
26732
26733
26734
26736
26773
26774
26775
26776
26777
26778
26779
26780
26781
26782
26783
26784
26785
26786
26787
26788
26789
26790
26805
26806
26807
26808
26809
26810
26811
26812
26813
26814
26815
26816
26817
26818
26819
26820
26821
26822
26823
26824
26891
26892
26901
26902
26903
26951
26952
26953
26954
26955
26956
26957
26958
26959
26960
26961
26962
26963
26964
26965
26966
26967
26968
26969
26970
26971
26972
26973
26974
26975
26993
26994
26995
26996
26997
27065
27066
27067
27111
27112
27113
27114
27115
27116
27117
27118
27119
27120
27121
27122
27123
27124
27125
27140
27142
27143
27144
27145
27146
27147
27148
27149
27150
27151
27152
27153
27154
27155
27156
27157
27158
27159
27160
27289
27290
27291
27292
27293
27294
27295
27296
27297
27298
27299
27300
27301
27302
27303
27304
27305
27306
27307
27308
27309
27327
27328
27329
27330
27331
27332
27333
27334
27335
27336
27337
27338
27339
27340
27341
27451
27452
27453
27468
27469
27470
27471
27472
27473
27474
27475
27476
27477
27478
27479
27480
27481
27482
27483
27484
27485
27486
27487
27488
27489
27490
27621
27622
27623
27624
27625
27626
27627
27628
27629
27630
27631
27632
27633
27634
27635
27636
27637
27638
27653
27655
27656
27657
27658
27659
27660
27661
27662
27663
27664
27665
27666
27667
27668
27669
27670
27792
27793
27794
27795
27796
27797
27798
27799
27800
27801
27802
27803
27804
27805
27806
27807
27808
27809
27810
27811
27812
27813
27814
27815
27825
27826
27827
27828
27951
27952
27953
27954
27955
27956
27957
27958
27959
27960
27961
27962
27977
27978
27979
27980
27981
27982
27983
27984
27985
27986
27987
27988
27989
27990
27991
27992
27993
28120
28121
28122
28123
28124
28125
28126
28127
28128
28129
28130
28131
28132
28133
28134
28135
28136
28137
28138
28139
28140
28141
28142
28149
28150
28151
28152
28153
28154
28155
28268
28269
28270
28271
28272
28273
28274
28275
28276
28277
28278
28279
28291
28292
28293
28294
28295
28296
28297
28298
28299
28300
28301
28302
28303
28304
28305
28306
28307
28308
28309
28310
28311
28312
28445
28446
28447
28448
28449
28450
28451
28452
28453
28454
28455
28456
28457
28458
28459
28460
28461
28462
28463
28464
28465
28466
28467
28468
28469
28470
28480
28481
28482
28483
28595
28596
28597
28598
28599
28600
28601
28602
28603
28604
28605
28606
28607
28608
28609
28621
28622
28623
28624
28625
28626
28627
28628
28629
28630
28631
28632
28633
28634
28635
28636
28637
28638
28639
28640
28641
28757
28758
28759
28760
28761
28762
28763
28764
28765
28766
28767
28768
28769
28770
28771
28772
28773
28774
28775
28776
28777
28778
28779
28780
28781
28789
28790
28791
28908
28909
28910
28911
28912
28913
28914
28915
28916
28917
28918
28919
28920
28921
28922
28934
28935
28936
28937
28938
28939
28940
28941
28942
28943
28944
28945
28946
28947
28948
28949
28950
28951
28952
28953
28954
29064
29065
29066
29067
29068
29069
29070
29071
29072
29073
29074
29075
29076
29077
29078
29079
29080
29081
29082
29083
29084
29085
29086
29100
29101
29102
29103
29104
29105
29106
29107
29108
29109
29110
29111
29112
29207
29208
29209
29210
29211
29212
29224
29225
29226
29227
29228
29229
29230
29231
29232
29233
29234
29235
29236
29237
29238
29239
29240
29241
29242
29243
29244
29245
29246
29247
29248
29359
29360
29361
29362
29363
29364
29365
29366
29367
29368
29369
29370
29371
29372
29373
29374
29375
29376
29377
29378
29379
29380
29381
29382
29398
29399
29400
29401
29402
29403
29404
29405
29406
29407
29498
29499
29500
29501
29502
29503
29504
29505
29506
29519
29520
29521
29522
29523
29524
29525
29526
29527
29528
29529
29530
29531
29532
29533
29534
29535
29536
29537
29538
29539
29540
29541
29542
29543
29557
29558
29559
29659
29660
29661
29662
29663
29664
29665
29666
29667
29668
29669
29670
29671
29672
29673
29674
29675
29688
29689
29690
29691
29692
29693
29694
29695
29696
29697
29698
29699
29700
29701
29702
29703
29704
29705
29706
29707
29708
29709
29710
29818
29820
29821
29822
29823
29824
29825
29826
29827
29828
29829
29830
29831
29832
29833
29834
29835
29836
29837
29856
29858
29859
29860
29861
29862
29863
29864
29865
29866
29867
29868
29869
29870
29997
29998
29999
30000
30001
30002
30003
30004
30005
30006
30007
30008
30009
30010
30011
30012
30013
30014
30035
30036
30037
30038
30146
30147
30148
30149
30150
30151
30152
30153
30154
30159
30160
30161
30162
30163
30164
30165
30166
30167
30168
30169
30170
30171
30172
30173
30174
30175
30176
30177
30192
30194
30195
30196
30197
30300
30301
30302
30303
30304
30305
30306
30307
30308
30315
30316
30317
30318
30319
30320
30321
30322
30323
30324
30325
30326
30327
30328
30329
30330
30331
30333
30347
30434
30435
30436
30437
30438
30439
30440
30441
30442
30443
30444
30445
30447
30450
30451
30452
30453
30454
30455
30456
30457
30458
30459
30460
30461
30462
30463
30555
30557
30558
30560
30561
30562
30563
30564
30565
30566
30567
30569
30576
30602
30603
30612
30614
30615
30617
30618
30619
30620
30626
30628
30629
30631
30633
30645
30646
30647
30648
30649
30650
30653
30654
30655
30656
30657
30658
30659
30660
30661
30662
30663
30664
30665
30666
30669
30670
30671
30672
30673
30674
30675
30676
30677
30678
30679
30680
30681
30682
30684
30685
30686
30687
30688
30689
30690
30691
30692
30693
30694
30695
30696
30697
30698
30699
30700
30701
30702
30703
30704
30705
30706
30707
30708
30709
30710
30711
30712
30713
30714
30715
30716
30717
30718
30719
30720
30721
30722
30723
30724
30725
30726
30727
30728
30729
30730
30731
30732
30733
30734
30735
30736
30737
30738
