43
44
46
47
48
49
50
52
53
54
55
56
57
58
121
123
124
125
126
127
128
129
130
131
132
133
135
136
137
138
139
140
141
142
215
217
231
232
233
234
235
236
237
238
239
240
241
242
244
247
252
253
254
255
256
257
258
259
260
261
262
366
382
383
384
385
386
387
388
389
390
391
392
393
394
397
402
403
404
405
406
407
408
409
410
411
412
570
571
572
573
574
575
576
577
578
579
580
585
590
591
592
593
594
595
596
597
598
599
600
798
799
800
801
802
803
804
805
806
807
808
809
810
811
814
828
829
830
831
832
833
834
835
836
837
838
1021
1022
1023
1024
1025
1026
1027
1028
1029
1030
1031
1032
1034
1037
1053
1054
1055
1056
1057
1058
1059
1060
1061
1062
1063
1064
1065
1066
1067
1068
1069
1070
1071
1072
1073
1074
1075
1076
1077
1078
1243
1244
1245
1264
1267
1268
1269
1270
1271
1272
1273
1274
1275
1276
1277
1278
1279
1280
1281
1282
1283
1284
1285
1286
1287
1288
1289
1290
1291
1292
1458
1481
1483
1484
1485
1486
1487
1488
1489
1490
1491
1492
1502
1503
1504
1505
1506
1507
1508
1509
1510
1663
1664
1665
1685
1686
1687
1688
1689
1690
1691
1692
1693
1694
1695
1696
1697
1698
1708
1709
1710
1711
1712
1713
1714
1715
1716
1889
1911
1912
1913
1914
1915
1916
1917
1918
1919
1920
1921
1936
1937
1938
1939
1940
1941
1942
1943
1944
1945
1946
1947
1948
1949
1950
1952
1953
1958
1959
1960
1961
1962
1963
1964
1965
1966
1967
1968
2169
2171
2187
2188
2189
2190
2191
2192
2193
2194
2195
2196
2197
2198
2199
2200
2201
2202
2210
2211
2212
2213
2214
2215
2216
2217
2218
2219
2220
2406
2408
2423
2424
2425
2426
2427
2428
2429
2430
2431
2432
2433
2434
2435
2437
2449
2450
2451
2452
2453
2454
2455
2456
2457
2458
2459
2460
2461
2462
2463
2464
2465
2466
2467
2474
2475
2476
2477
2478
2479
2480
2481
2482
2649
2650
2651
2669
2670
2671
2672
2673
2674
2675
2676
2677
2678
2679
2680
2681
2682
2692
2693
2694
2695
2696
2697
2698
2699
2700
2854
2856
2873
2874
2875
2876
2877
2878
2879
2880
2881
2882
2883
2884
2885
2900
2901
2902
2903
2904
2905
2906
2907
2908
2909
2910
2911
2912
2913
2914
2919
2920
2921
2922
2923
2924
2925
2926
3102
3103
3104
3106
3109
3121
3122
3123
3124
3125
3126
3127
3128
3129
3130
3131
3132
3133
3141
3142
3143
3144
3145
3146
3147
3148
3293
3307
3308
3309
3310
3311
3312
3313
3328
3329
3330
3331
3332
3333
3334
3335
3336
3337
3338
3339
3340
3341
3342
3343
3350
3351
3352
3353
3354
3355
3356
3357
3358
3520
3521
3522
3523
3524
3525
3530
3539
3540
3541
3542
3543
3544
3545
3546
3547
3548
3549
3550
3551
3552
3553
3554
3555
3562
3563
3564
3565
3566
3567
3568
3569
3570
3732
3733
3734
3735
3736
3737
3751
3752
3753
3754
3755
3756
3757
3758
3759
3760
3761
3762
3763
3764
3765
3766
3767
3774
3775
3776
3777
3778
3779
3780
3781
3782
3960
3961
3962
3963
3964
3965
3979
3980
3981
3982
3983
3984
3985
3986
3987
3988
3989
3990
3991
3992
3993
3994
3995
4002
4003
4004
4005
4006
4007
4008
4009
4010
4166
4167
4168
4169
4170
4171
4185
4186
4187
4188
4189
4190
4191
4192
4193
4194
4195
4196
4197
4198
4199
4200
4201
4208
4209
4210
4211
4212
4213
4214
4215
4216
4374
4375
4376
4377
4378
4379
4393
4394
4395
4396
4397
4398
4399
4400
4401
4402
4403
4404
4405
4406
4407
4408
4409
4416
4417
4418
4419
4420
4421
4422
4423
4424
4582
4583
4584
4585
4586
4587
4601
4602
4603
4604
4605
4606
4607
4608
4609
4610
4611
4612
4613
4614
4615
4616
4617
4618
4625
4626
4627
4628
4629
4630
4631
4632
4633
4634
4635
4636
4791
4792
4793
4810
4811
4812
4813
4814
4815
4816
4817
4818
4819
4820
4821
4822
4823
4824
4825
4826
4833
4834
4835
4836
4837
4838
4839
4840
4841
4842
4843
4844
5003
5004
5005
5010
5022
5023
5024
5025
5027
5028
5029
5030
5031
5032
5033
5034
5035
5036
5037
5038
5039
5040
5042
5043
5044
5045
5046
5047
5048
5049
5050
5051
5052
5223
5224
5225
5242
5243
5245
5246
5247
5248
5249
5250
5251
5252
5253
5254
5255
5256
5257
5258
5260
5262
5263
5264
5265
5266
5267
5268
5269
5270
5449
5450
5451
5469
5471
5472
5473
5474
5475
5476
5477
5478
5479
5480
5481
5482
5483
5484
5486
5488
5489
5490
5491
5492
5493
5494
5495
5496
5681
5682
5683
5697
5698
5699
5700
5701
5702
5703
5704
5705
5706
5707
5710
5714
5715
5716
5717
5718
5719
5720
5721
5722
5919
5920
5921
5922
5923
5924
5925
5926
5927
5936
5937
5938
5939
5940
5941
5942
5943
5944
6136
6137
6138
6139
6140
6141
6142
6143
6144
6145
6147
6149
6150
6151
6152
6153
6154
6315
6324
6325
6326
6327
6328
6329
6330
6331
6332
6333
6334
6336
6337
6338
6510
6512
6514
6522
7985
7986
7987
7988
7989
7990
7991
7992
7993
7998
8000
8001
8002
8003
8171
8172
8173
8175
8176
8177
8178
8179
8180
8181
8182
8183
8184
8185
8186
8187
8189
8199
8200
8367
8368
8369
8370
8371
8372
8373
8374
8375
8380
8382
8383
8384
8385
8386
8387
8388
8389
8390
8391
8566
8567
8568
8569
8570
8571
8572
8573
8574
8575
8576
8577
8578
8579
8580
8585
8586
8587
8588
8589
8775
8776
8777
8778
8779
8780
8781
8782
8783
8784
8785
8786
8787
8788
8789
8790
8791
8792
8793
8794
8795
8796
8802
8803
8804
8805
8806
8807
8808
8825
8826
9003
9004
9005
9006
9007
9008
9009
9010
9011
9012
9013
9014
9015
9016
9017
9018
9019
9020
9021
9022
9027
9028
9029
9030
9031
9032
9033
9034
9035
9036
9037
9038
9054
9055
9056
9219
9220
9221
9222
9223
9224
9225
9226
9227
9228
9229
9230
9231
9232
9233
9234
9236
9237
9238
9239
9240
9241
9242
9243
9244
9245
9246
9247
9248
9249
9250
9251
9252
9253
9254
9255
9264
9266
9267
9268
9269
9270
9271
9272
9431
9432
9433
9434
9435
9436
9437
9438
9439
9441
9442
9443
9444
9445
9446
9447
9448
9449
9450
9451
9452
9453
9454
9455
9456
9457
9458
9459
9470
9471
9472
9473
9474
9475
9476
9477
9478
9479
9480
9481
9482
9483
9499
9500
9657
9658
9659
9660
9661
9662
9663
9664
9665
9666
9667
9668
9669
9670
9671
9672
9673
9680
9681
9682
9683
9684
9685
9686
9687
9688
9689
9690
9691
9692
9693
9694
9695
9696
9865
9866
9867
9868
9869
9870
9871
9872
9873
9874
9875
9876
9877
9878
9879
9880
9891
9893
9894
9895
9896
9897
9898
9899
10083
10084
10085
10087
10088
10089
10090
10091
10092
10093
10094
10095
10096
10097
10098
10099
10103
10112
10113
10114
10293
10294
10295
10296
10297
10298
10299
10300
10301
10305
10306
10307
10308
10309
10310
10311
10312
10313
10314
10315
10316
10317
10318
10319
10320
10322
10332
10333
10334
10335
10503
10504
10505
10506
10507
10508
10509
10510
10511
10513
10515
10516
10517
10518
10519
10520
10521
10522
10523
10524
10525
10526
10527
10528
10529
10530
10532
10542
10545
10546
10547
10548
10731
10732
10733
10734
10735
10736
10737
10738
10739
10741
10743
10744
10745
10746
10747
10748
10749
10750
10751
10752
10753
10754
10755
10756
10757
10758
10760
10770
10773
10774
10775
10776
10965
10966
10967
10968
10969
10970
10971
10972
10973
10975
10977
10978
10979
10980
10981
10982
10983
10984
10985
10986
10987
10988
10989
10990
10991
11001
11004
11005
11006
11195
11196
11197
11198
11199
11200
11201
11202
11203
11205
11207
11208
11209
11210
11211
11212
11213
11214
11215
11216
11217
11218
11219
11220
11230
11232
11233
11234
11235
11236
11237
11238
11239
11240
11241
11242
11452
11453
11454
11455
11456
11457
11458
11459
11460
11461
11462
11463
11474
11476
11477
11478
11479
11480
11481
11482
11483
11484
11485
11486
11692
11693
11694
11695
11696
11697
11698
11699
11700
11701
11702
11703
11714
11715
11716
11717
11718
11719
11720
11721
11722
11723
11724
11725
11726
11727
11746
11747
11929
11930
11931
11932
11933
11934
11935
11936
11937
11938
11945
11946
11947
11948
11949
11950
11951
11952
11953
11954
11955
11956
11957
11958
11975
11977
12189
12190
12191
12192
12193
12194
12195
12196
12197
12198
12201
12202
12203
12204
12205
12206
12207
12208
12209
12210
12211
12212
12213
12214
12215
12217
12228
12229
12230
12231
12232
12233
12437
12438
12439
12440
12441
12442
12443
12444
12445
12446
12447
12448
12449
12450
12451
12452
12453
12454
12455
12456
12457
12458
12459
12460
12461
12473
12474
12475
12476
12477
12478
12479
12480
12481
12482
12483
12484
12485
12486
12487
12488
12489
12685
12686
12687
12688
12689
12690
12691
12692
12693
12694
12695
12696
12697
12698
12699
12706
12707
12708
12709
12710
12711
12712
12713
12714
12715
12716
12717
12718
12719
12720
12721
12722
12723
12740
12742
12945
12946
12947
12948
12949
12950
12951
12952
12953
12954
12955
12956
12958
12959
12960
12961
12962
12963
12964
12965
12966
12967
12968
12969
12970
12971
12972
12973
12974
12985
12987
12988
12989
12990
12991
12992
12993
12994
13185
13186
13187
13188
13189
13190
13191
13192
13193
13194
13195
13196
13197
13198
13199
13200
13201
13209
13211
13212
13213
13214
13215
13216
13217
13218
13219
13220
13221
13222
13437
13438
13439
13440
13441
13442
13443
13444
13445
13446
13452
13454
13455
13456
13457
13458
13459
13460
13461
13462
13463
13464
13481
13483
13484
13485
13486
13707
13708
13709
13711
13712
13713
13714
13715
13716
13717
13718
13719
13720
13721
13722
13734
13736
13737
13738
13739
13935
13936
13937
13938
13939
13940
13941
13942
13943
13944
13945
13946
13947
13956
13958
13959
13960
13961
13962
13963
13964
14117
14118
14119
14120
14121
14122
14123
14124
14125
14132
14133
14134
14135
14136
14137
14138
14139
14140
14141
14142
14143
14160
14161
14162
14163
14271
14272
14273
14274
14275
14276
14277
14278
14279
14280
14281
14282
14283
14284
14285
14286
14287
14288
14289
14290
14291
14292
14293
14294
14295
14296
14297
14298
14299
14300
14301
14302
14303
14312
14314
14315
14316
14317
14318
14319
14320
14321
14322
14339
14417
14418
14419
14420
14421
14422
14423
14424
14425
14426
14427
14429
14431
