71
72
73
74
75
76
77
78
79
80
82
86
87
88
89
90
91
92
93
94
95
96
97
98
99
100
101
102
103
104
105
106
174
175
176
178
189
190
191
193
194
195
196
197
198
199
200
207
208
209
210
211
212
213
214
215
216
217
218
320
321
322
323
325
326
327
328
329
330
331
342
343
344
345
346
347
348
349
350
351
352
353
354
355
356
360
361
362
507
508
509
510
511
512
513
514
515
516
517
518
530
531
532
533
534
535
536
537
538
539
540
541
542
543
544
545
546
547
549
550
554
555
556
557
558
559
560
561
562
739
740
741
742
743
744
754
755
756
757
758
759
760
761
762
763
764
765
766
767
768
769
770
771
772
773
778
779
780
781
782
783
784
785
786
787
788
789
790
992
993
995
996
997
1006
1007
1008
1009
1010
1011
1012
1013
1014
1015
1016
1017
1018
1019
1020
1021
1022
1023
1024
1025
1026
1027
1030
1031
1032
1033
1034
1035
1036
1037
1038
1039
1040
1041
1042
1224
1225
1226
1227
1229
1230
1231
1232
1241
1242
1243
1244
1245
1246
1247
1248
1249
1250
1251
1252
1253
1254
1255
1256
1257
1258
1259
1260
1261
1262
1265
1266
1267
1268
1269
1270
1271
1272
1273
1274
1482
1483
1484
1485
1486
1487
1488
1489
1490
1491
1492
1500
1501
1502
1503
1504
1505
1506
1507
1508
1509
1510
1511
1512
1513
1514
1515
1516
1517
1518
1521
1522
1523
1524
1525
1526
1527
1528
1529
1530
1732
1733
1734
1735
1737
1738
1739
1740
1752
1753
1754
1755
1756
1757
1758
1759
1760
1761
1762
1763
1764
1765
1766
1767
1768
1769
1772
1776
1777
1778
1779
1780
1781
1782
1783
1784
1985
1986
1988
1989
1990
1991
1993
1999
2000
2001
2002
2003
2004
2005
2006
2007
2008
2009
2010
2011
2012
2013
2014
2015
2016
2017
2019
2020
2021
2022
2023
2024
2025
2026
2027
2028
2230
2231
2232
2233
2234
2235
2236
2237
2245
2246
2247
2248
2249
2250
2251
2252
2253
2254
2255
2256
2257
2258
2259
2260
2263
2264
2265
2266
2267
2268
2269
2270
2271
2272
2468
2469
2470
2471
2472
2473
2481
2482
2483
2484
2485
2486
2487
2488
2489
2490
2491
2492
2493
2494
2495
2496
2499
2500
2501
2502
2503
2504
2505
2506
2507
2508
2716
2717
2718
2719
2721
2733
2734
2735
2736
2737
2738
2739
2740
2741
2742
2743
2744
2745
2746
2747
2750
2754
2755
2756
2757
2758
2759
2760
2761
2762
2978
2979
2981
2993
2994
2995
2996
2997
2998
2999
3000
3001
3002
3003
3004
3005
3006
3007
3015
3016
3017
3018
3019
3020
3021
3022
3023
3024
3238
3239
3240
3241
3243
3244
3245
3246
3247
3248
3249
3257
3258
3259
3260
3261
3262
3263
3264
3265
3266
3484
3485
3487
3488
3489
3490
3491
3492
3493
3502
3503
3504
3505
3506
3507
3508
3509
3510
3706
3707
3709
3710
3711
3712
3713
3714
3715
3727
3728
3729
3730
3731
3732
3733
3734
3735
3935
3936
3937
3938
3939
3940
3941
3942
3943
3944
3945
3946
3947
3956
3957
3958
3959
3960
3961
3962
3963
3964
3965
3966
3967
3968
3969
3970
3971
3975
3976
3977
3978
3979
3980
4162
4163
4164
4165
4166
4167
4168
4169
4170
4178
4179
4180
4181
4182
4183
4184
4185
4186
4187
4188
4189
4190
4191
4192
4193
4194
4197
4198
4199
4200
4201
4202
4203
4204
4205
4206
4390
4391
4392
4393
4394
4395
4396
4397
4405
4406
4407
4408
4409
4410
4411
4412
4413
4414
4415
4416
4417
4418
4419
4420
4422
4423
4424
4425
4426
4427
4428
4429
4430
4431
4432
4602
4603
4624
4625
4627
4628
4629
4630
4642
4643
4644
4645
4646
4647
4648
4649
4650
4651
4652
4653
4654
4655
4656
4657
4658
4659
4660
4666
4667
4668
4669
4670
4671
4672
4673
4674
4675
4676
4677
4678
4679
4680
4867
4868
4877
4878
4879
4880
4881
4882
4883
4884
4885
4886
4887
4888
4889
4890
4891
4892
4893
4894
4895
4896
4901
4902
4903
4904
4905
4906
4907
4908
4909
4910
4911
4912
4913
4914
4915
4916
4917
4918
4919
4920
4921
4922
5109
5110
5111
5123
5124
5125
5126
5127
5128
5129
5130
5131
5132
5133
5134
5135
5136
5137
5138
5139
5140
5141
5148
5149
5150
5151
5152
5153
5154
5155
5156
5157
5158
5159
5160
5161
5162
5163
5164
5165
5166
5167
5170
5171
5172
5173
5174
5175
5176
5177
5178
5179
5180
5181
5182
5364
5365
5384
5385
5386
5387
5388
5389
5390
5391
5399
5400
5401
5402
5403
5404
5405
5406
5407
5408
5409
5410
5411
5412
5413
5414
5415
5416
5417
5420
5421
5422
5423
5424
5425
5426
5427
5428
5429
5430
5431
5432
5652
5653
5654
5655
5657
5665
5666
5667
5668
5669
5670
5671
5672
5673
5674
5675
5676
5677
5678
5679
5680
5681
5687
5688
5689
5690
5691
5692
5693
5694
5695
5696
5697
5698
5699
5700
5701
5702
5703
5704
5913
5914
5930
5931
5932
5933
5934
5935
5936
5937
5938
5939
5947
5948
5949
5950
5951
5952
5953
5954
5955
5956
5957
5958
5959
5960
5961
5962
5965
5966
5967
5968
5969
5970
6183
6185
6186
6187
6188
6189
6190
6191
6200
6202
6203
6204
6205
6206
6207
6208
6209
6210
6211
6212
6213
6214
6215
6219
6220
6221
6222
6223
6224
6427
6428
6431
6432
6433
6434
6435
6436
6441
6442
6443
6444
6445
6446
6447
6448
6449
6450
6451
12967
12969
12972
12973
13161
13162
13163
13164
13165
13166
13167
13168
13169
13174
13175
13176
13177
13178
13179
13180
13181
13182
13183
13184
13185
13186
13187
13188
13189
13190
13196
13197
13198
13202
13383
13384
13385
13386
13387
13388
13389
13390
13391
13392
13393
13394
13397
13398
13399
13400
13401
13402
13403
13404
13405
13406
13407
13408
13409
13410
13411
13412
13413
13414
13415
13416
13417
13435
13436
13437
13438
13439
13440
13441
13442
13444
13446
13452
13599
13600
13601
13602
13603
13604
13605
13606
13607
13620
13621
13622
13623
13624
13625
13626
13627
13628
13629
13630
13631
13632
13633
13634
13635
13636
13637
13638
13639
13640
13641
13657
13658
13659
13660
13661
13662
13663
13664
13665
13666
13667
13669
13682
13683
13684
13831
13832
13833
13834
13835
13836
13837
13838
13839
13847
13848
13849
13850
13851
13852
13853
13854
13855
13856
13857
13858
13859
13860
13861
13862
13863
13864
13865
13866
13867
13868
13869
13870
13879
13880
13881
13882
13883
13884
13885
13886
13887
13888
13889
13890
13891
13892
13893
13894
13895
13906
13907
13908
14057
14058
14059
14060
14061
14062
14063
14064
14065
14072
14073
14074
14075
14076
14077
14078
14079
14080
14081
14082
14083
14084
14085
14086
14087
14088
14089
14090
14091
14092
14093
14094
14095
14102
14103
14104
14105
14106
14107
14108
14109
14110
14111
14112
14113
14114
14115
14116
14117
14128
14129
14130
14277
14278
14279
14280
14281
14282
14283
14284
14285
14286
14287
14288
14295
14296
14297
14298
14299
14300
14301
14302
14303
14304
14305
14306
14307
14308
14309
14310
14311
14312
14313
14314
14315
14316
14317
14318
14319
14320
14321
14326
14327
14328
14329
14330
14331
14332
14511
14513
14514
14515
14516
14517
14518
14519
14520
14521
14522
14523
14524
14525
14526
14527
14528
14529
14530
14540
14541
14542
14543
14544
14545
14546
14547
14548
14549
14550
14551
14552
14553
14554
14555
14556
14557
14558
14559
14560
14561
14562
14563
14564
14565
14571
14572
14573
14574
14575
14576
14580
14734
14735
14736
14737
14738
14739
14740
14741
14742
14743
14744
14745
14746
14747
14748
14749
14750
14751
14760
14761
14762
14763
14764
14765
14766
14767
14768
14769
14770
14771
14772
14773
14774
14775
14776
14777
14778
14779
14780
14781
14782
14783
14784
14785
14794
14795
14796
14797
14798
14799
14801
14948
14950
14951
14952
14953
14954
14955
14956
14957
14958
14959
14960
14961
14962
14963
14964
14965
14966
14967
14973
14974
14975
14976
14977
14978
14979
14980
14981
14982
14983
14984
14985
14986
14987
14988
14989
14990
14991
14992
14993
14994
14995
14996
14997
14998
15006
15007
15008
15009
15167
15168
15169
15170
15171
15172
15173
15174
15175
15176
15177
15178
15179
15180
15181
15182
15183
15193
15194
15195
15196
15197
15198
15199
15200
15201
15202
15203
15204
15205
15206
15207
15208
15209
15210
15380
15381
15382
15383
15384
15385
15386
15387
15388
15389
15390
15391
15392
15393
15394
15395
15396
15406
15407
15408
15409
15410
15411
15412
15413
15414
15415
15416
15417
15418
15419
15420
15421
15422
15604
15605
15606
15607
15608
15609
15610
15611
15612
15613
15614
15615
15616
15617
15618
15630
15631
15632
15633
15634
15635
15636
15637
15638
15639
15640
15641
15642
15643
15644
15818
15819
15820
15821
15822
15823
15824
15825
15826
15827
15828
15829
15830
15831
15832
15845
15846
15847
15848
15849
15850
15851
15852
15853
15854
15855
15856
15857
15858
15859
15863
16058
16059
16060
16061
16062
16063
16064
16065
16066
16067
16068
16069
16070
16071
16072
16073
16080
16081
16082
16083
16084
16085
16086
16087
16088
16089
16090
16091
16092
16093
16094
16095
16096
16097
16098
16108
16109
16110
16111
16285
16286
16287
16288
16289
16290
16291
16292
16293
16294
16295
16296
16297
16298
16304
16305
16306
16307
16308
16309
16310
16311
16312
16313
16314
16315
16316
16317
16318
16319
16320
16321
16322
16323
16324
16334
16335
16336
16337
16514
16515
16516
16517
16518
16519
16520
16521
16522
16523
16524
16525
16526
16527
16528
16534
16535
16536
16537
16538
16539
16540
16541
16542
16543
16544
16545
16546
16547
16548
16549
16550
16551
16552
16553
16563
16564
16565
16566
16567
16568
16569
16571
16581
16760
16761
16762
16763
16764
16765
16766
16767
16768
16769
16770
16771
16772
16773
16776
16778
16779
16780
16781
16782
16783
16784
16785
16786
16787
16788
16789
16790
16791
16792
16793
16794
16795
16796
16797
16798
16799
16800
16806
16807
16808
16809
16810
16811
16812
16813
16814
16815
16816
16818
16827
16995
16996
16997
16998
16999
17000
17001
17002
17003
17005
17007
17008
17009
17010
17011
17012
17013
17014
17015
17016
17017
17018
17019
17020
17021
17022
17023
17024
17025
17026
17027
17032
17033
17034
17035
17036
17037
17038
17039
17040
17041
17042
17043
17044
17045
17046
17047
17048
17049
17050
17051
17052
17062
17063
17064
17065
17067
17258
17259
17260
17261
17262
17263
17264
17265
17266
17267
17268
17269
17270
17271
17272
17273
17274
17277
17279
17280
17281
17282
17283
17284
17285
17286
17287
17288
17289
17290
17291
17292
17293
17294
17295
17296
17297
17298
17299
17307
17308
17309
17310
17311
17312
17313
17314
17315
17317
17319
17511
17512
17513
17514
17515
17516
17517
17518
17519
17520
17521
17522
17523
17525
17526
17527
17528
17529
17530
17531
17532
17533
17534
17535
17536
17537
17538
17539
17540
17541
17542
17543
17544
17545
17546
17547
17548
17549
17554
17555
17556
17557
17558
17559
17560
17561
17562
17563
17564
17565
17566
17567
17568
17771
17772
17773
17774
17775
17776
17781
17782
17783
17784
17785
17786
17787
17788
17789
17790
17791
17792
17793
17794
17795
17796
17797
17798
17799
17800
17801
17802
17809
17810
17811
17812
17813
17814
17815
17816
17817
17818
17819
17820
17821
17822
17823
17824
17825
17826
17827
17828
17829
17837
17838
17839
18031
18032
18033
18034
18035
18036
18037
18038
18039
18040
18041
18042
18043
18044
18045
18046
18047
18057
18059
18060
18061
18062
18063
18064
18065
18066
18067
18068
18069
18070
18071
18072
18073
18074
18075
18076
18077
18084
18313
18314
18315
18316
18317
18318
18319
18320
18321
18322
18323
18324
18325
18326
18327
18339
18340
18341
18342
18343
18344
18345
18346
18347
18348
18349
18350
18351
18352
18353
18354
18355
18356
18357
18371
18372
18373
18374
18581
18582
18583
18584
18585
18586
18587
18588
18589
18590
18591
18592
18602
18603
18604
18605
18606
18607
18608
18609
18610
18611
18612
18613
18614
18615
18616
18617
18618
18619
18620
18621
18635
18636
18637
18638
18639
18640
18641
18642
18643
18644
18645
18646
18647
18648
18649
18650
18864
18865
18866
18867
18868
18869
18870
18871
18872
18873
18874
18875
18876
18877
18878
18879
18880
18881
18893
18894
18895
18896
18897
18898
18899
18900
18901
18902
18903
18904
18905
18906
18907
18908
18909
18910
18911
18919
18920
18921
19132
19133
19134
19135
19136
19137
19138
19139
19140
19141
19142
19143
19144
19145
19146
19159
19160
19161
19162
19163
19164
19165
19166
19167
19168
19169
19170
19171
19172
19173
19174
19175
19176
19177
19178
19179
19191
19192
19193
19194
19195
19196
19399
19400
19401
19402
19403
19404
19405
19406
19407
19408
19409
19410
19420
19422
19423
19424
19425
19426
19427
19428
19429
19430
19431
19432
19433
19434
19435
19436
19437
19438
19439
19440
19456
19457
19458
19459
19460
19461
19462
19463
19464
19465
19466
19467
19468
19469
19470
19471
19472
19484
19485
19486
19661
19662
19663
19664
19665
19666
19667
19668
19669
19670
19671
19683
19684
19685
19686
19687
19688
19689
19690
19691
19692
19693
19694
19695
19696
19697
19714
19716
19717
19718
19719
19720
19721
19724
19860
19861
19862
19863
19864
19865
19876
19877
19878
19879
19880
19881
19882
19883
19884
19885
19886
19897
19898
19899
19900
19901
19902
19903
19904
19905
19906
19907
19908
19909
19910
19912
19916
19917
19918
19919
19920
19921
19922
19923
19924
19925
19934
19935
19983
19984
19985
19986
19987
19988
19989
19990
19991
19992
19993
19994
19995
19996
19997
19998
19999
20000
20002
20003
20004
20006
20007
20008
20010
