43
45
53
55
56
57
58
59
60
61
62
63
64
65
66
67
68
138
140
142
154
155
156
157
158
159
160
161
162
163
164
165
166
167
174
175
176
177
178
179
180
181
182
183
184
185
186
187
188
270
271
273
292
293
294
295
296
297
298
299
300
301
302
303
305
319
321
322
323
324
325
326
327
328
329
330
331
332
333
334
339
340
341
342
343
344
345
346
507
508
509
510
511
513
534
535
536
537
538
539
540
541
542
543
544
545
546
547
548
549
550
564
565
566
567
568
569
570
571
572
573
574
575
576
577
578
579
580
746
747
769
770
771
772
773
774
775
776
777
778
779
780
781
795
796
797
798
799
800
801
802
803
804
805
806
807
808
809
810
811
812
976
977
1001
1002
1003
1004
1005
1006
1007
1008
1011
1028
1029
1030
1031
1032
1033
1034
1035
1036
1037
1038
1039
1040
1041
1049
1050
1051
1052
1053
1054
1055
1056
1274
1290
1291
1292
1293
1294
1295
1296
1298
1300
1316
1317
1318
1319
1320
1321
1322
1323
1324
1325
1326
1327
1328
1329
1330
1331
1332
1345
1346
1347
1348
1349
1350
1351
1352
1353
1354
1355
1356
1577
1578
1579
1581
1599
1601
1602
1603
1604
1605
1606
1607
1608
1609
1610
1611
1612
1614
1632
1633
1634
1635
1636
1637
1638
1639
1640
1641
1642
1643
1644
1645
1653
1654
1655
1656
1657
1658
1659
1660
1832
1848
1849
1850
1851
1852
1854
1856
1874
1875
1876
1877
1878
1879
1880
1881
1882
1883
1884
1885
1886
1887
1888
1889
1890
1904
1905
1906
1907
1908
1909
1910
1911
1912
1913
1914
1915
1916
1917
1918
1919
1920
2089
2090
2091
2111
2112
2113
2114
2115
2116
2117
2118
2119
2120
2123
2137
2138
2140
2141
2142
2143
2144
2145
2146
2147
2148
2149
2150
2152
2153
2154
2155
2156
2339
2360
2361
2362
2363
2364
2365
2366
2367
2370
2385
2386
2387
2388
2389
2390
2391
2392
2393
2394
2395
2396
2397
2398
2402
2403
2404
2405
2406
2407
2408
2409
2410
2581
2599
2600
2601
2602
2603
2606
2622
2623
2624
2625
2626
2627
2628
2629
2630
2631
2632
2633
2634
2635
2648
2649
2650
2651
2652
2653
2654
2655
2656
2833
2844
2845
2846
2847
2848
2851
2866
2867
2868
2869
2870
2871
2872
2873
2874
2875
2876
2877
2878
2879
2890
2891
2892
2893
2894
2895
2896
2897
2898
2899
2900
3066
3067
3068
3073
3086
3087
3088
3089
3090
3091
3092
3093
3094
3095
3096
3097
3098
3099
3100
3101
3111
3112
3113
3114
3115
3116
3117
3118
3119
3120
3121
3122
3286
3287
3288
3290
3293
3305
3306
3307
3308
3309
3310
3311
3312
3313
3314
3315
3316
3317
3318
3319
3320
3321
3331
3332
3333
3334
3335
3336
3337
3338
3339
3340
3341
3342
3513
3514
3515
3517
3531
3532
3533
3534
3535
3536
3537
3538
3539
3540
3541
3542
3543
3544
3545
3546
3556
3557
3558
3559
3560
3561
3562
3563
3564
3721
3722
3723
3724
3726
3742
3743
3744
3745
3746
3747
3748
3749
3750
3751
3752
3753
3754
3755
3756
3757
3758
3768
3769
3770
3771
3772
3773
3774
3775
3776
3933
3934
3935
3936
3954
3955
3956
3957
3958
3959
3960
3961
3962
3963
3964
3965
3966
3967
3968
3969
3970
3980
3981
3982
3983
3984
3985
3986
3987
3988
4135
4136
4137
4138
4154
4155
4156
4157
4158
4159
4160
4161
4162
4163
4164
4165
4175
4176
4177
4178
4179
4180
4333
4334
4335
4336
4357
4358
4359
4360
4361
4362
4363
4364
4365
4366
4367
4368
4382
4383
4384
4385
4386
4387
4388
4536
4537
4538
4539
4558
4559
4560
4561
4562
4563
4564
4565
4566
4567
4568
4569
4570
4571
4572
4574
4582
4583
4584
4585
4586
4587
4588
4589
4590
4591
4592
4734
4735
4736
4737
4738
4739
4741
4744
4753
4754
4755
4756
4757
4758
4759
4760
4761
4762
4763
4764
4765
4766
4767
4768
4769
4770
4771
4772
4780
4781
4782
4783
4784
4785
4786
4787
4788
4789
4790
4934
4935
4936
4937
4938
4939
4940
4953
4954
4955
4956
4957
4958
4959
4960
4961
4962
4963
4964
4965
4966
4967
4968
4976
4977
4978
4979
4980
4981
4982
4983
4984
4985
4986
4987
4988
4989
4990
4991
4992
5123
5124
5125
5134
5135
5136
5137
5138
5139
5140
5154
5156
5157
5158
5159
5160
5161
5162
5163
5164
5165
5166
5167
5168
5170
5181
5183
5184
5185
5186
5187
5188
5189
5190
5191
5192
5193
5194
5195
5196
5197
5207
5208
5209
5210
5211
5212
5368
5369
5370
5371
5372
5373
5390
5391
5392
5393
5394
5395
5396
5397
5398
5399
5400
5401
5402
5403
5404
5415
5416
5417
5418
5419
5420
5421
5422
5423
5424
5425
5426
5427
5428
5599
5600
5601
5621
5622
5623
5624
5625
5626
5627
5628
5629
5649
5651
5652
5653
5654
5655
5656
5657
5658
5659
5660
5661
5662
5669
5670
5671
5672
5673
5674
5850
5872
5873
5874
5875
5876
5877
5878
5879
5882
5889
5890
5891
5892
5893
5894
5895
5896
5897
5898
5899
5900
6075
6093
6094
6095
6096
6097
6098
6100
6101
6106
6108
6109
6110
6111
6112
6113
6114
6115
6116
6117
6118
6119
6120
6307
6327
6328
6329
6338
6340
17894
17895
17896
17897
17898
17899
17900
17901
18072
18073
18074
18075
18076
18077
18079
18080
18081
18082
18083
18084
18085
18086
18087
18261
18262
18263
18264
18265
18266
18267
18268
18269
18270
18271
18272
18279
18280
18281
18282
18283
18444
18445
18446
18448
18449
18450
18451
18452
18453
18454
18455
18456
18457
18458
18471
18472
18473
18637
18638
18639
18640
18641
18642
18643
18646
18647
18648
18649
18650
18651
18652
18653
18654
18655
18656
18657
18676
18677
18845
18846
18847
18848
18849
18858
18859
18860
18861
18862
18863
18864
18865
18890
18891
18892
19057
19058
19059
19060
19061
19062
19069
19070
19071
19072
19073
19074
19075
19076
19077
19078
19268
19269
19270
19271
19272
19273
19274
19275
19276
19281
19282
19283
19284
19285
19286
19287
19288
19289
19290
19291
19313
19315
19474
19475
19476
19477
19478
19479
19480
19486
19487
19488
19489
19490
19491
19492
19493
19494
19495
19496
19497
19513
19514
19515
19516
19517
19687
19688
19689
19690
19691
19692
19693
19696
19697
19698
19699
19700
19701
19702
19703
19704
19705
19706
19707
19722
19724
19725
19726
19727
19898
19899
19900
19901
19902
19903
19904
19907
19908
19909
19910
19911
19912
19913
19914
19915
19916
19917
19918
19919
19920
19921
19935
19936
19937
19938
19939
19940
19941
19942
20114
20115
20116
20117
20118
20119
20120
20123
20124
20125
20126
20127
20128
20129
20130
20131
20132
20133
20134
20135
20136
20153
20154
20155
20156
20157
20176
20330
20331
20332
20333
20334
20335
20336
20337
20338
20342
20343
20344
20345
20346
20347
20348
20349
20350
20351
20352
20353
20354
20355
20371
20372
20373
20374
20375
20376
20377
20553
20554
20555
20556
20557
20558
20559
20560
20561
20565
20566
20567
20568
20569
20570
20571
20572
20573
20574
20575
20576
20577
20578
20596
20597
20598
20600
20786
20787
20788
20789
20790
20791
20792
20799
20800
20801
20802
20803
20804
20805
20806
20807
20808
20809
20830
20832
21028
21029
21030
21031
21032
21033
21034
21037
21038
21039
21040
21041
21042
21043
21044
21045
21046
21047
21048
21065
21066
21067
21068
21069
21090
21091
21254
21255
21256
21257
21258
21259
21260
21263
21264
21265
21266
21267
21268
21269
21270
21271
21272
21273
21274
21289
21290
21291
21292
21293
21294
21295
21316
21317
21492
21493
21494
21495
21496
21497
21498
21499
21500
21501
21502
21503
21504
21505
21506
21507
21508
21509
21510
21511
21512
21527
21528
21529
21530
21531
21532
21533
21557
21558
21730
21731
21732
21733
21734
21735
21736
21739
21740
21741
21742
21743
21744
21745
21746
21747
21748
21749
21750
21752
21763
21764
21765
21766
21767
21768
21769
21770
21771
21796
21797
21798
21963
21964
21965
21966
21967
21968
21969
21970
21971
21972
21973
21974
21975
21976
21977
21978
21979
21980
21989
21990
21991
21992
21993
21994
21995
21996
21997
21998
21999
22000
22001
22002
22003
22004
22005
22006
22007
22008
22026
22027
22028
22029
22030
22031
22032
22033
22208
22209
22210
22211
22212
22213
22214
22215
22216
22217
22218
22219
22226
22227
22228
22229
22230
22231
22232
22233
22234
22235
22236
22237
22238
22239
22240
22241
22242
22243
22244
22245
22263
22265
22268
22269
22270
22441
22442
22443
22444
22445
22446
22447
22448
22449
22450
22451
22452
22453
22454
22455
22465
22466
22467
22468
22469
22470
22471
22472
22473
22474
22497
22498
22499
22500
22501
22502
22503
22504
22664
22665
22666
22667
22668
22669
22670
22671
22672
22673
22674
22675
22676
22677
22678
22679
22680
22681
22682
22683
22684
22691
22692
22693
22694
22695
22696
22697
22698
22699
22700
22701
22702
22703
22704
22705
22706
22707
22726
22727
22728
22729
22730
22731
22732
22733
22734
22735
22753
22907
22908
22909
22910
22911
22912
22913
22914
22915
22916
22917
22918
22919
22920
22921
22922
22929
22930
22931
22932
22933
22934
22935
22936
22937
22938
22939
22940
22941
22942
22943
22944
22945
22946
22947
22948
22966
22967
22968
22969
22970
22971
22972
22973
22974
22975
22992
22993
23151
23152
23153
23154
23155
23156
23157
23158
23159
23160
23161
23166
23167
23168
23169
23170
23171
23172
23173
23174
23175
23176
23177
23178
23179
23180
23181
23182
23183
23200
23201
23202
23203
23204
23205
23206
23207
23208
23209
23234
23235
23404
23405
23406
23407
23408
23409
23410
23411
23412
23416
23417
23418
23419
23420
23421
23422
23423
23424
23425
23426
23427
23428
23429
23430
23431
23432
23448
23450
23452
23453
23454
23455
23456
23457
23458
23486
23487
23641
23642
23643
23644
23645
23646
23647
23648
23649
23653
23654
23655
23656
23657
23658
23659
23660
23661
23662
23663
23664
23680
23681
23682
23683
23684
23685
23686
23687
23712
23713
23714
23890
23891
23892
23893
23894
23895
23896
23898
23899
23900
23901
23902
23903
23904
23905
23906
23907
23908
23909
23910
23911
23920
23921
23922
23923
23924
23925
23926
23927
23928
23929
23930
23931
23932
23933
23934
23935
23936
23937
23959
23960
23961
23962
23963
23964
23965
23966
23967
23992
23993
24142
24143
24144
24145
24146
24147
24148
24149
24150
24151
24157
24158
24159
24160
24161
24162
24163
24164
24165
24166
24167
24168
24169
24170
24171
24172
24187
24188
24189
24190
24191
24192
24193
24194
24195
24196
24197
24198
24199
24200
24201
24226
24227
24228
24229
24230
24231
24232
24233
24394
24395
24396
24397
24398
24399
24400
24401
24402
24403
24404
24405
24406
24410
24411
24412
24413
24414
24415
24416
24417
24418
24419
24420
24421
24422
24423
24424
24425
24426
24427
24443
24444
24445
24446
24447
24448
24449
24450
24451
24452
24473
24475
24586
24587
24588
24589
24590
24592
24593
24594
24595
24596
24597
24598
24599
24600
24601
24602
24603
24605
24606
24611
24612
24613
24614
24615
24616
24617
24618
24619
24620
24621
24622
24623
24624
24639
24640
24641
24642
24643
24724
24725
24726
24727
24728
24729
24730
24731
24732
24733
24734
24735
24736
24737
24738
24739
24740
24741
24742
24743
24744
24745
24746
24747
24748
24749
24751
24752
24757
24758
24759
24760
24761
24762
24763
24764
24765
24766
24767
24768
24769
24770
24771
24772
24773
24774
24776
24778
24779
24780
24781
24782
24783
24784
24785
24786
24787
24788
24789
24790
24791
24797
24799
24832
24833
24834
24835
24836
24837
24838
24839
24840
24841
24842
24843
24844
24845
24846
24847
24848
24849
24850
24851
24852
24853
24854
24855
24856
24857
24859
24861
