42297
42298
42299
42302
42304
42306
42309
42311
42313
42315
42317
42320
42322
42324
42326
42328
42331
42333
42335
42337
42339
42342
42344
42346
42349
42352
42355
42358
42361
42363
42366
42369
42372
42375
42378
42381
42384
42387
42389
42391
42395
42397
42399
42402
42405
42408
42411
42414
42417
42420
42424
42425
42426
42428
42430
42437
42439
42441
42443
42447
42450
42452
42454
42456
42458
42461
42463
42466
42469
42472
42474
42477
42480
42483
42486
42492
42497
42500
42505
42508
42511
42513
42515
42519
42521
42524
42528
42531
42535
42537
42540
42544
42547
42550
42552
42554
42558
42560
42562
42566
42569
42571
42574
42577
42580
42583
42586
42589
42592
42596
42599
42602
42605
42608
42612
42614
42616
42619
42622
42625
42628
42631
42634
42637
42640
42642
42645
42648
42651
42655
42657
42659
42662
42720
42771
42775
42782
42787
42790
42795
42798
42813
42820
42822
42826
42829
42831
42834
42838
42841
42845
42847
42849
42853
42857
42859
42861
42865
42868
42870
42872
42876
42878
42881
42885
42888
42891
42893
42896
42899
42903
42905
42909
42912
42915
42918
42921
42925
42927
42929
42932
42935
42938
42942
42945
42948
42951
42955
42958
42961
42964
43149
43180
43189
43192
43199
43212
43214
43222
43224
43226
43230
43233
43236
43239
43246
43248
43251
43255
43258
43261
43264
43267
43270
43273
43275
43278
43281
43284
43287
43291
43294
43297
43300
43303
43307
43309
43311
43314
43317
43320
43323
43326
43329
43332
43670
43677
43680
43686
43688
43712
43719
43725
43731
43737
43740
43743
43746
43749
43753
58673
58679
58685
58691
58697
58703
58712
58715
58725
58728
58738
58741
58751
59340
59342
59345
59348
59350
59353
59356
59359
59362
59365
59368
59371
59374
59377
59380
59383
59386
59389
59392
59395
59398
59401
59404
59407
59410
59413
59416
59419
59423
59435
59439
59443
59445
59447
59451
59454
59457
59463
59479
59501
60010
60011
60012
60014
60016
60020
60023
60025
60027
60029
60033
60036
60038
60040
60042
60046
60049
60051
60053
60055
60059
60062
60064
60067
60071
60073
60078
60083
60088
60091
60095
60098
60101
60104
60107
60110
60114
60116
60118
60122
60126
60128
60130
60134
60137
60140
60143
60146
60149
60151
60154
60157
60161
60163
60167
60171
60173
60175
60178
60181
60184
60188
60192
60194
60200
60204
60206
60208
60216
60224
60230
60656
60659
60662
60665
60668
60671
60674
60676
60679
60682
60685
60688
60691
60694
60697
60701
60703
60706
60711
60714
60718
60720
60722
60726
60729
60732
60735
60738
60742
60744
60746
60750
60754
60756
60758
60762
60765
60768
60771
60774
60777
60779
60783
60786
60788
60790
60794
60798
60800
60803
60807
60810
60814
60816
60818
60822
60826
60828
60830
60834
60838
60840
60842
60846
60850
60852
60854
60858
60862
60870
60874
60876
60878
60886
60900
61174
61176
61179
61182
61185
61188
61192
61195
61199
61202
61205
61208
61211
61214
61217
61220
61224
61227
61230
61233
61237
61240
61245
61248
61251
61254
61257
61260
61263
61265
61268
61271
61274
61277
61281
61284
61287
61290
61293
61296
61298
61301
61304
61308
61311
61316
61319
61322
61324
61326
61330
61332
61334
61337
61340
61343
61347
61351
61353
61356
61361
61364
61367
61369
61371
61375
61377
61379
61383
61387
61389
61392
61397
61400
61403
61405
61407
61411
61413
61415
61419
61423
61425
61428
61433
61436
61439
61441
61443
61447
61449
61451
61455
61459
61461
61469
61472
61475
61477
61481
61485
61487
61489
61491
61493
61496
61498
61500
61504
61507
61509
61513
61516
61531
61537
61543
61547
61551
61555
61558
61562
61568
61571
61581
61587
61634
61637
61640
61643
61646
61649
61652
61655
61658
61662
61665
61670
61673
61676
61679
61682
61685
61688
61691
61694
61698
61701
61704
61707
61711
61714
61719
61722
61725
61728
61731
61734
61737
61740
61743
61746
61749
61752
61755
61759
61763
61766
61771
61774
61777
61780
61783
61786
61789
61792
61795
61798
61801
61804
61807
61811
61815
61818
61823
61826
61829
61832
61837
61840
61843
61846
61849
61852
61855
61858
61861
61865
61869
61874
61877
61882
61885
61888
61891
61896
61899
61902
61905
61910
61914
61917
61922
61925
61930
61935
61940
61945
61983
61989
61995
62001
62006
62014
62016
62019
62022
62024
62027
62030
62033
62036
62039
62042
62045
62048
62050
62052
62056
62058
62060
62063
62066
62068
62071
62074
62077
62080
62083
62086
62089
62092
62094
62096
62100
62102
62104
62107
62110
62112
62115
62118
62121
62124
62127
62130
62133
62136
62138
62140
62144
62146
62148
62151
62154
62156
62159
62162
62165
62168
62171
62174
62177
62180
62182
62184
62188
62190
62192
62195
62198
62201
62204
62207
62209
62212
62215
62218
62221
62223
62225
62229
62231
62233
62236
62239
62242
62245
62495
62503
62508
62518
62522
62526
62528
62531
62536
62539
62542
62544
62550
62552
62554
62558
62562
62564
62567
62572
62575
62578
62580
62582
62586
62588
62590
62592
62594
62597
62599
62601
62605
62609
62611
62614
62619
62622
62625
62628
62631
62634
62637
62639
62641
62645
62647
62649
62653
62656
62659
62662
62665
62669
62671
62674
62678
62681
62684
62687
62690
62693
62697
62699
62701
62705
62708
62710
62713
62716
62719
62722
62726
62729
62732
62735
62738
62741
62743
62745
62749
62751
62753
62756
62759
62761
62764
62767
62770
62773
62776
62779
62782
62785
62788
62791
62794
62798
62800
62802
62805
62808
62811
62814
62817
62820
62823
63272
63282
63289
63299
63301
63309
63311
63313
63316
63320
63322
63325
63329
63332
63336
63338
63341
63345
63348
63350
63352
63356
63358
63360
63364
63368
63370
63373
63377
63380
63383
63385
63387
63391
63393
63395
63399
63403
63405
63407
63411
63414
63417
63420
63423
63427
63429
63431
63435
63438
63441
63444
63447
63450
63452
63455
63458
63461
63464
63468
63471
63474
63477
63480
63484
63486
63488
63491
63494
63497
63500
63503
63506
63509
64040
64042
64052
64055
64067
64069
64071
64079
64081
64083
64086
64090
64092
64094
64098
64102
64104
64106
64110
64113
64115
64117
64121
64123
64126
64130
64133
64136
64138
64142
64145
64147
64149
64153
64156
64159
64162
64165
64169
64171
64174
64178
64185
64193
64202
64752
64754
64764
64766
64775
64778
64782
64785
64788
64790
64794
64797
64802
64810
64813
80425
80431
80434
80801
80804
80807
80810
80812
80815
80818
80821
80824
80827
80830
80833
80836
80839
80842
80845
80848
80850
80854
80857
80866
80869
80873
80878
80885
80888
80894
80897
80913
80922
81170
81172
81175
81178
81181
81184
81187
81189
81192
81195
81198
81201
81204
81207
81210
81213
81215
81219
81222
81224
81227
81231
81234
81237
81240
81243
81247
81249
81252
81256
81259
81263
81265
81268
81272
81275
81279
81281
81283
81287
81290
81293
81296
81299
81303
81312
81315
81317
81319
81323
81325
81327
81331
81334
81340
81343
81353
81356
81360
81365
81372
81381
81384
81524
81526
81529
81532
81535
81538
81541
81544
81547
81551
81553
81557
81560
81563
81566
81569
81572
81574
81577
81580
81583
81586
81590
81594
81596
81599
81603
81606
81608
81611
81614
81618
81620
81624
81627
81630
81633
81636
81640
81642
81644
81647
81651
81653
81655
81659
81662
81665
81668
81671
81675
81677
81680
81684
81688
81690
81692
81696
81699
81702
81705
81708
81712
81714
81720
81724
81726
81728
81732
81735
81738
81741
81744
81748
81756
81762
81869
81871
81874
81877
81880
81883
81887
81890
81893
81896
81899
81903
81906
81908
81911
81914
81917
81920
81924
81927
81930
81933
81936
81940
81942
81945
81949
81952
81956
81958
81960
81964
81967
81970
81973
81976
81979
81981
81985
81988
81990
81993
81997
82000
82002
82004
82008
82010
82013
82017
82020
82024
82026
82029
82034
82037
82041
82043
82045
82049
82052
82055
82058
82061
82065
82067
82069
82073
82077
82079
82081
82085
82088
82090
82100
82106
82110
82114
82120
82123
82125
82127
82130
82133
82135
82195
82197
82200
82203
82206
82209
82212
82215
82218
82222
82225
82229
82232
82235
82238
82241
82244
82246
82249
82252
82255
82258
82262
82265
82268
82271
82274
82277
82279
82282
82285
82289
82292
82296
82299
82303
82305
82307
82310
82313
82316
82320
82324
82326
82329
82333
82336
82338
82340
82344
82346
82348
82352
82355
82358
82361
82364
82368
82370
82373
82378
82381
82384
82386
82390
82394
82396
82398
82402
82406
82408
82413
82415
82419
82423
82425
82426
82427
82429
82433
82438
82442
82447
82450
82462
82464
82467
82470
82473
82476
82479
82482
82485
82489
82492
82496
82499
82502
82505
82508
82511
82513
82516
82519
82522
82525
82529
82532
82534
82537
82540
82544
82547
82552
82555
82559
82561
82563
82566
82569
82572
82576
82579
82581
82584
82587
82591
82593
82597
82601
82603
82605
82608
82611
82613
82616
82619
82623
82628
82630
82634
82642
82646
82650
82656
82663
82665
82668
82671
82674
82677
82681
82684
82688
82691
82694
82697
82700
82703
82706
82709
82713
82716
82719
82722
82726
82729
82734
82737
82740
82743
82748
82751
82754
82757
82762
82765
82768
82771
82776
82780
82785
82790
