38584
38588
38595
38601
38608
38610
38612
43011
43012
43013
43015
43017
43019
43022
43024
43026
43028
43030
43033
43037
43039
43043
43046
43048
43050
43054
43059
43062
43065
43068
43073
43076
43079
43085
43089
43729
43730
43731
43733
43735
43737
43740
43742
43744
43746
43748
43751
43753
43755
43757
43761
43764
43766
43768
43770
43774
43777
43779
43781
43784
43787
43789
43792
43797
43800
43804
43810
43815
43817
43821
43825
43827
43829
43831
43833
43836
43840
43843
43850
43855
43858
43863
43866
43869
43875
44481
44482
44483
44485
44487
44491
44494
44496
44498
44500
44504
44507
44509
44511
44513
44517
44520
44522
44524
44526
44530
44533
44535
44536
44537
44539
44546
44551
44556
44561
44563
44567
44571
44573
44575
44577
44581
44584
44586
44587
44588
44590
44594
44597
44601
44606
44611
44613
44617
44621
44634
44640
44646
45281
45282
45283
45285
45287
45291
45294
45296
45298
45300
45304
45307
45309
45311
45313
45317
45320
45322
45324
45327
45330
45332
45338
45343
45348
45350
45354
45358
45360
45362
45366
45370
45372
45375
45379
45382
45385
45387
45391
45394
45396
45399
45403
45409
45411
45415
45419
45423
45427
46105
46106
46107
46110
46114
46117
46120
46123
46126
46129
46132
46135
46138
46141
46144
46147
46149
46153
46156
46158
46159
46160
46163
46170
46172
46176
46180
46182
46184
46186
46190
46193
46195
46196
46197
46200
46207
46212
46214
46218
46222
46224
46226
46228
46232
46235
46245
46250
46967
46969
46972
46975
46977
46980
46983
46986
46989
46992
46995
46998
47001
47004
47007
47010
47013
47015
47019
47022
47024
47026
47028
47032
47035
47037
47039
47043
47047
47049
47054
47056
47060
47064
47066
47069
47073
47079
47082
47086
47089
47092
47094
47098
47845
47846
47847
47849
47851
47855
47858
47860
47862
47864
47868
47871
47873
47875
47878
47881
47883
47886
47889
47892
47895
47901
47906
47909
47913
47916
47919
47921
47925
47928
47930
47932
47936
47940
47942
47944
47948
47952
47954
47956
47958
47962
47965
47969
47973
47979
47984
47990
48815
48817
48820
48823
48826
48829
48833
48835
48838
48841
48844
48848
48851
48853
48856
48859
48862
48865
48869
48872
48875
48878
48881
48884
48886
48890
48893
48895
48897
48901
48906
48909
48912
48916
48919
48923
48926
48929
48931
48935
48938
48942
49851
49853
49856
49859
49862
49865
49868
49871
49874
49877
49880
49883
49889
49898
49902
49905
49908
49911
49914
49919
49922
49925
49928
49931
49934
49937
49940
49944
49947
49950
49953
49956
51014
55087
55093
55096
55098
55104
55107
55113
55116
55121
55141
55143
55146
55149
55152
55155
55775
55779
55782
55786
55788
55790
55793
55796
55799
55802
55805
55812
55816
55818
55820
55824
55827
55830
55833
55836
55839
55842
55845
55849
55852
55855
55858
55861
55864
55867
56340
56344
56347
56358
56360
56362
56366
56370
56372
56374
56378
56382
56384
56387
56391
56394
56397
56400
56403
56406
56409
56412
56415
56418
56421
56424
56427
56430
56433
56436
56439
56443
56905
56908
56910
56914
56917
56921
56928
56930
56932
56936
56940
56942
56944
56948
56952
56954
56957
56961
56964
56967
56970
56973
56976
56979
56982
56985
56988
56991
56994
56997
57000
57003
57006
57009
57013
57392
57396
57399
57423
57425
57429
57433
57435
57437
57440
57444
57446
57448
57452
57456
57458
57460
57464
57468
57470
57473
57477
57480
57483
57486
57489
57492
57495
57498
57501
57504
57507
57510
57513
57516
57519
57522
57525
57529
57934
57936
57944
57957
57959
57961
57965
57969
57971
57973
57976
57980
57982
57984
57988
57992
57994
57996
57998
58002
58005
58007
58009
58011
58015
58018
58020
58022
58024
58028
58031
58033
58035
58037
58041
58044
58046
58048
58052
58056
58058
58063
58068
58073
58078
58081
58085
58089
58401
58409
58412
58415
58418
58421
58425
58427
58430
58434
58436
58439
58444
58447
58450
58452
58456
58460
58462
58464
58466
58470
58473
58475
58477
58479
58483
58486
58488
58490
58493
58497
58499
58504
58509
58514
58517
58521
58524
58527
58529
58533
58536
58538
58541
58545
58548
58552
58556
58666
58672
58678
58685
58689
58692
58696
58699
58702
58707
58710
58713
58716
58721
58724
58727
58730
58733
58736
58739
58742
58745
58749
58753
58758
58763
58766
58771
58774
58777
58780
58785
58788
58791
58794
58799
58803
58808
58813
58818
58823
58824
58825
58827
58829
58831
58834
58836
58838
58840
58842
58845
58847
58849
58851
58853
58856
58858
58859
58860
58862
58870
58878
58886
58890
58894
58897
58899
58901
58904
58907
58909
58957
58958
58959
58962
58966
58969
58972
58975
58978
58981
58984
58987
58990
58993
58996
58999
59001
59005
59008
59010
59012
59014
59018
59021
59023
59024
59025
59027
59029
59031
59034
59036
59039
59046
59051
59053
59057
59061
59065
59074
59086
59229
59230
59231
59233
59235
59239
59242
59244
59246
59248
59252
59255
59257
59259
59261
59265
59268
59270
59271
59272
59275
59279
59282
59285
59288
59294
59299
59304
59307
59311
59314
59317
59319
59323
59326
59328
59331
59334
59339
59345
59347
59351
59355
59368
59565
59566
59567
59569
59571
59575
59578
59580
59583
59587
59590
59593
59596
59599
59602
59605
59608
59611
59614
59617
59620
59622
59626
59629
59631
59633
59637
59639
59644
59647
59651
59654
59657
59659
59663
59666
59671
59675
59681
59683
59687
59958
59961
59964
59967
59969
59972
59975
59978
59981
59984
59987
59990
59993
59996
59999
60002
60005
60008
60011
60014
60017
60019
60023
60026
60028
60030
60033
60037
60039
60042
60046
60049
60052
60054
60058
60061
60469
60472
60475
60478
60480
60483
60486
60489
60492
60495
60498
60501
60504
60507
60510
60513
60516
60519
60522
60525
60528
60530
60534
60537
60539
60548
60551
60555
60558
61023
61025
61028
61031
61033
61036
61039
61042
61045
61048
61051
61054
61057
61060
61063
61066
61069
61071
61074
61077
61084
61094
61096
61099
61102
61105
61561
61567
61570
61573
61576
61579
61582
65136
65139
66291
66295
66298
66304
66310
66312
66315
66319
66322
66326
66330
66333
66335
66339
66341
66343
66346
66349
66352
66355
66358
66361
66364
66367
66372
66376
66378
66380
66383
66386
66389
66392
66395
66398
66401
67476
67479
67482
67484
67488
67491
67495
67503
67505
67507
67511
67515
67517
67519
67522
67526
67528
67531
67535
67538
67541
67543
67546
67549
67553
67555
67559
67563
67565
67567
67570
67573
67576
67580
67583
67586
67589
67592
67595
67598
67601
67604
67607
67610
67613
67617
68598
68601
68615
68618
68622
68625
68628
68630
68634
68637
68639
68641
68645
68649
68651
68653
68657
68661
68663
68665
68668
68672
68674
68676
68680
68684
68686
68688
68692
68696
68698
68701
68705
68708
68711
68714
68717
68720
68723
68726
68729
68732
68735
68738
68741
68744
68747
68750
68753
68757
69567
69570
69572
69576
69579
69583
69591
69593
69596
69600
69603
69606
69608
69612
69615
69617
69619
69623
69627
69629
69631
69635
69639
69641
69643
69646
69650
69652
69654
69658
69662
69664
69665
69666
69669
69673
69676
69680
69684
69687
69691
69694
69697
69700
69703
69706
69709
69712
69715
69718
69721
69724
69727
69730
69733
70488
70492
70495
70498
70500
70504
70507
70509
70511
70515
70519
70521
70524
70528
70531
70534
70536
70540
70543
70545
70547
70551
70555
70557
70559
70563
70567
70569
70572
70575
70578
70580
70584
70588
70590
70592
70594
70598
70601
70603
70605
70607
70611
70614
70616
70618
70620
70624
70627
70629
70632
70636
70639
70642
70645
70651
70656
70661
70666
71428
71436
71440
71448
71450
71455
71457
71461
71465
71467
71469
71473
71477
71479
71482
71486
71489
71492
71494
71498
71501
71503
71506
71509
71512
71514
71518
71522
71524
71526
71528
71532
71535
71537
71538
71539
71541
71543
71547
71550
71552
71555
71562
71567
71570
71574
71577
71580
71583
71586
71589
71592
71598
72343
72351
72354
72356
72358
72362
72366
72374
72376
72379
72384
72387
72390
72392
72396
72400
72402
72405
72408
72411
72416
72418
72422
72426
72428
72429
72430
72433
72440
72443
72447
72450
72453
72455
72459
72462
72464
72466
72468
72472
72475
72477
72480
72484
72487
72490
72493
72499
72504
73231
73239
73241
73243
73245
73247
73250
73252
73255
73258
73261
73264
73269
73272
73275
73277
73279
73283
73285
73287
73289
73291
73294
73296
73297
73298
73300
73302
73304
73307
73309
73312
73319
73322
73327
73330
73333
73336
73341
73344
73347
73349
73353
73357
73359
73361
73365
73370
73373
73377
73383
73388
73393
73398
74268
74271
74273
74281
74305
74308
74313
74316
74319
74321
74325
74331
74335
74338
74340
74342
74347
74351
74354
74356
74360
74365
74367
74373
74380
74385
74388
74393
74396
74400
74406
74411
