51060
51077
51080
51083
51087
51090
51093
51096
51100
52057
52059
52062
52065
52072
52076
52078
52084
52087
52090
52093
52096
52099
52102
52105
52108
52111
52113
52116
52120
52123
52126
52129
52132
52136
52138
52140
52143
52146
52149
52152
53053
53063
53076
53083
53085
53087
53091
53094
53096
53098
53102
53104
53107
53111
53114
53117
53120
53123
53126
53130
53132
53134
53138
53141
53144
53147
53150
53154
53156
53158
53162
53165
53168
53171
53174
53177
53179
53182
53186
53189
53192
53195
53198
53202
53204
53206
53209
53212
53215
53218
54211
54218
54223
54229
54241
54245
54247
54250
54254
54257
54261
54263
54265
54269
54272
54275
54278
54281
54285
54287
54289
54293
54297
54299
54301
54305
54308
54311
54314
54317
54321
54323
54325
54329
54333
54335
54337
54341
54344
54347
54350
54353
54356
54359
54362
54366
55350
55357
55370
55377
55379
55381
55385
55389
55391
55394
55398
55401
55405
55407
55409
55413
55417
55419
55421
55425
55428
55431
55434
55437
55441
55443
55445
55449
55453
55455
55457
55461
55464
55467
55470
55473
55476
55479
55482
55485
55488
55491
55494
55498
56498
56509
56535
56537
56541
56545
56547
56549
56553
56557
56559
56561
56565
56569
56571
56574
56578
56581
56584
56586
56590
56593
56595
56597
56601
56605
56607
56610
56614
56617
56620
56623
56626
56629
56632
56635
56638
56641
56644
56647
56650
56654
57709
57737
57739
57743
57747
57758
57760
57767
57769
57771
57775
57779
57781
57784
57788
57791
57795
57797
57799
57803
57807
57809
57811
57815
57818
57821
57824
57827
57830
57833
57836
57839
57842
57845
57848
57851
57854
57857
57860
57864
57870
57878
58980
58982
58985
59007
59017
59018
59019
59022
59029
59031
59035
59039
59041
59043
59045
59049
59052
59054
59056
59058
59062
59065
59067
59069
59071
59075
59078
59080
59082
59084
59088
59091
59093
59096
59103
59108
59113
59118
59123
59128
59129
59130
59133
59137
59140
59143
59146
59149
59152
59155
59158
59164
59171
59178
59181
59184
59187
60503
60512
60516
60525
60531
60536
60539
60543
60554
60559
60564
60569
60574
60575
60576
60579
60583
60586
60589
60592
60595
60598
60601
60604
60607
60610
60613
60616
60618
60622
60625
60627
60630
60633
60636
60638
60647
60674
61982
61983
61984
61986
61988
61992
61995
61997
61999
62002
62005
62007
62010
62013
62016
62019
62025
62028
62032
62035
62038
62040
62044
62047
62049
62052
62056
62060
62062
62065
62069
62072
62075
62081
62086
62092
62096
62568
62570
62573
62576
62578
62580
62584
62587
62589
62591
62594
62597
62599
62602
62605
62609
62613
62616
62620
62623
62626
62628
62632
62635
62637
62640
62644
62648
62650
62653
62657
62660
62663
62669
62672
62674
62676
62680
62684
63186
63188
63191
63195
63197
63200
63203
63206
63210
63213
63215
63218
63222
63225
63228
63231
63234
63237
63239
63243
63246
63248
63251
63255
63258
63260
63263
63266
63270
63273
63277
63280
63283
63285
63289
63292
63294
63296
63299
63303
63308
63332
63336
63340
63798
63800
63803
63806
63808
63811
63814
63817
63820
63823
63826
63829
63833
63835
63838
63841
63844
63847
63851
63855
63857
63859
63863
63866
63869
63872
63875
63879
63881
63884
63888
63891
63895
63897
63899
63903
63906
63909
63921
63924
63928
63932
64420
64422
64425
64428
64431
64434
64438
64440
64444
64447
64450
64453
64456
64459
64461
64464
64468
64471
64474
64477
64480
64483
64485
64489
64492
64494
64496
64500
64503
64506
64509
64512
64516
64518
64521
64525
64528
64531
64537
64542
64545
64549
64552
64555
64558
64561
64565
64986
64988
64991
64994
64997
65000
65003
65005
65008
65011
65014
65018
65020
65022
65026
65029
65032
65035
65038
65041
65043
65045
65049
65051
65053
65057
65060
65064
65067
65070
65077
65080
65084
65087
65090
65093
65099
65105
65111
65117
65504
65507
65510
65515
65521
65524
65526
65529
65532
65536
65538
65540
65543
65546
65550
65552
65554
65557
65560
65563
65566
65569
65573
65576
65579
65583
65586
65589
65592
65594
65596
65600
65602
65604
65607
65610
65613
65616
65619
65622
65625
65628
65631
65634
65710
65729
65731
65735
65738
65741
65744
65747
65751
65758
65762
65766
65769
65773
65776
65779
65782
65785
65789
65791
65793
65797
65800
65802
65806
65809
65811
65814
65818
65821
65825
65827
65830
65834
65837
65840
65843
65846
65849
65852
65855
65858
65861
65864
65867
65870
65874
65877
65879
65881
65883
65887
65889
65891
65894
66192
66194
66198
66202
66206
66214
66216
66218
66222
66225
66227
66229
66233
66235
66238
66242
66245
66248
66250
66254
66257
66259
66262
66266
66269
66272
66275
66278
66282
66284
66287
66291
66294
66297
66300
66303
66306
66309
66311
66314
66317
66321
66324
66328
66331
66335
66337
66339
66342
66345
66348
66352
66355
66358
66361
66365
66781
66784
66788
66791
66794
66804
66818
66821
66825
66828
66832
66834
66837
66841
66844
66847
66849
66853
66856
66858
66860
66864
66868
66870
66873
66877
66880
66883
66885
66889
66892
66894
66896
66900
66904
66906
66909
66913
66916
66919
66922
66925
66928
66931
66934
66937
66941
67366
67386
67388
67392
67396
67405
67408
67411
67413
67417
67420
67422
67424
67428
67432
67434
67437
67441
67444
67447
67449
67453
67456
67458
67460
67464
67468
67470
67473
67477
67480
67483
67486
67489
67492
67495
67498
67501
67505
68158
68160
68164
68168
68185
68194
68196
68200
68203
68205
68207
68211
68213
68216
68220
68223
68226
68228
68232
68235
68237
68239
68243
68246
68248
68251
68254
68258
68261
68265
68268
68271
68274
68277
68280
68283
68286
68289
68293
69195
69198
69201
69204
69211
69217
69219
69226
69228
69230
69233
69236
69238
69244
69247
69251
69254
69257
69260
69263
69266
69269
69272
69275
69279
70354
70356
70366
70371
70378
70384
70390
70398
70399
70402
70405
70410
70413
70416
70419
70422
70424
70426
70430
71648
71650
71653
71656
71658
71661
71664
71667
71671
71674
71677
71680
71683
71686
71689
71692
71694
71698
71701
71703
71706
71710
71714
71716
71719
71726
71746
72938
72940
72943
72946
72949
72952
72955
72957
72960
72963
72966
72969
72972
72975
72978
72981
72983
72987
72990
72992
72995
72999
73002
73005
73008
73011
73015
73017
73020
73024
73027
73041
73049
73052
74114
74116
74119
74122
74125
74128
74131
74133
74136
74139
74142
74146
74148
74150
74154
74157
74159
74162
74165
74169
74171
74175
74178
74181
74184
74191
74196
74200
75230
75232
75235
75239
75241
75244
75247
75250
75254
75257
75259
75262
75266
75269
75272
75275
75278
75281
75283
75287
75290
75295
75302
75308
75311
76324
76326
76329
76332
76335
76338
76343
76349
