40365
40366
40367
40370
40372
40374
40377
40379
40381
40384
40388
40389
40390
40392
40394
40398
40401
40403
40405
40407
40409
40412
40414
40415
40416
40418
40420
40422
40425
40427
40429
40436
40439
40443
40446
40449
40451
40453
40457
40459
40461
40464
40467
40470
40474
40477
40479
40482
40486
40489
40492
40495
40498
40501
40503
40505
40509
40511
40513
40516
40519
40522
40525
40528
40531
40534
40564
40570
40579
40582
40589
40595
40601
40604
40609
40612
40615
40617
40623
40625
40628
40632
40634
40639
40642
40647
40650
40653
40655
40657
40661
40663
40666
40670
40673
40677
40679
40682
40686
40689
40692
40694
40696
40700
40702
40704
40708
40711
40714
40717
40720
40723
40725
40728
40731
40734
40737
40741
40744
40747
40750
40753
40757
40759
40761
40764
40767
40770
40773
40776
40779
40782
40962
40994
41003
41006
41019
41022
41026
41029
41033
41035
41037
41041
41044
41046
41048
41052
41054
41056
41060
41063
41066
41069
41072
41075
41078
41081
41084
41087
41089
41092
41096
41099
41102
41105
41108
41112
41114
41116
41119
41122
41125
41128
41420
41428
41431
41434
41438
41440
41444
41468
41475
41481
41484
41487
41490
41493
41497
41502
41505
41508
41519
57330
57333
57336
57338
57341
57344
57347
57350
57353
57356
57359
57362
57368
57371
57375
57381
57384
57393
57410
57424
57876
57878
57881
57884
57886
57889
57892
57895
57898
57901
57904
57907
57910
57913
57916
57919
57922
57924
57928
57931
57933
57936
57940
57943
57945
57947
57951
57953
57956
57960
57963
57966
57968
57972
57975
57977
57980
57985
57988
57992
57997
58008
58016
58020
58022
58028
58454
58457
58460
58463
58465
58468
58471
58474
58477
58480
58483
58486
58489
58492
58495
58498
58501
58503
58507
58510
58512
58514
58517
58521
58523
58526
58530
58533
58537
58539
58542
58546
58549
58551
58553
58557
58559
58561
58565
58568
58570
58574
58577
58579
58582
58587
58590
58593
58595
58597
58601
58603
58606
58610
58613
58617
58619
58627
58630
58633
58635
58637
58641
58643
58645
58649
58653
58663
58669
58673
58677
58679
58685
58717
59004
59007
59010
59013
59016
59019
59022
59025
59028
59031
59034
59037
59041
59044
59049
59052
59055
59058
59061
59064
59067
59069
59072
59075
59078
59081
59085
59089
59091
59094
59099
59102
59106
59108
59110
59114
59117
59120
59123
59126
59130
59132
59134
59138
59142
59144
59146
59150
59154
59156
59158
59162
59166
59168
59170
59174
59178
59180
59182
59186
59190
59192
59194
59198
59201
59204
59207
59210
59214
59217
59219
59223
59227
59229
59230
59231
59233
59246
59250
59254
59258
59261
59263
59426
59428
59431
59434
59437
59440
59444
59447
59451
59454
59457
59460
59463
59466
59469
59472
59476
59479
59482
59485
59489
59492
59497
59500
59503
59506
59509
59512
59515
59518
59521
59524
59527
59530
59533
59537
59541
59544
59549
59552
59555
59558
59561
59564
59567
59570
59573
59576
59579
59581
59584
59588
59591
59593
59597
59600
59602
59605
59610
59613
59616
59619
59622
59625
59628
59630
59632
59636
59638
59640
59642
59644
59647
59649
59652
59656
59659
59663
59666
59669
59674
59677
59680
59683
59688
59691
59694
59697
59700
59703
59706
59708
59710
59714
59716
59718
59725
59730
59733
59738
59741
59744
59747
59752
59755
59758
59761
59766
59770
59775
59780
59785
59790
59793
59796
59799
59804
59807
59811
59816
59819
59824
59828
59833
59852
59863
59867
59874
59882
59885
59888
59891
59894
59897
59900
59903
59906
59909
59912
59915
59917
59923
59925
59927
59929
59934
59936
59938
59941
59944
59946
59949
59952
59955
59958
59961
59964
59967
59970
59973
59976
59979
59982
59985
59988
59991
59994
59996
59998
60002
60004
60006
60009
60012
60014
60017
60020
60023
60026
60029
60032
60035
60038
60041
60044
60047
60050
60053
60056
60059
60063
60065
60067
60070
60073
60075
60078
60081
60084
60087
60090
60093
60096
60099
60102
60105
60108
60111
60113
60115
60119
60121
60123
60126
60129
60132
60135
60138
60140
60143
60146
60149
60152
60155
60158
60161
60164
60166
60168
60172
60174
60176
60179
60182
60184
60187
60190
60193
60196
60199
60202
60205
60209
60211
60213
60216
60219
60222
60225
60428
60438
60441
60454
60456
60460
60464
60466
60469
60473
60476
60478
60480
60484
60486
60488
60492
60496
60498
60501
60506
60509
60512
60514
60516
60520
60522
60525
60529
60532
60536
60538
60541
60545
60548
60551
60553
60555
60559
60561
60563
60567
60571
60573
60575
60579
60582
60585
60588
60591
60595
60597
60599
60603
60606
60608
60611
60614
60617
60620
60624
60627
60630
60633
60636
60639
60641
60643
60647
60649
60651
60654
60657
60660
60663
60666
60669
60672
60675
60678
60681
61040
61044
61050
61053
61061
61074
61076
61080
61084
61086
61089
61093
61096
61100
61102
61104
61108
61112
61114
61117
61121
61124
61126
61128
61132
61134
61136
61140
61143
61145
61149
61152
61154
61157
61161
61164
61168
61170
61173
61177
61180
61183
61185
61188
61191
61194
61197
61200
61203
61206
61210
61213
61215
61217
61221
61223
61225
61228
61231
61234
61237
61240
61243
61250
61253
61644
61664
61666
61676
61679
61692
61695
61699
61702
61706
61708
61711
61715
61719
61721
61723
61727
61730
61732
61736
61739
61746
61749
61753
61760
62275
62280
62282
62292
77230
77233
77238
77244
77250
77260
77280
77284
77516
77518
77521
77524
77527
77530
77533
77535
77537
77541
77544
77555
77558
77562
77565
77567
77570
77573
77577
77580
77584
77587
77590
77592
77596
77599
77609
77612
77616
77621
77632
77639
77645
77651
77660
77788
77790
77793
77797
77799
77802
77805
77807
77810
77813
77817
77820
77823
77827
77830
77833
77836
77839
77843
77845
77848
77852
77856
77858
77860
77864
77867
77869
77873
77876
77878
77880
77883
77887
77889
77892
77896
77899
77902
77904
77908
77911
77923
77927
77931
77936
77947
77967
77973
78078
78080
78083
78086
78089
78092
78095
78098
78101
78104
78106
78108
78112
78115
78117
78120
78124
78127
78130
78133
78136
78139
78141
78144
78147
78151
78154
78158
78161
78165
78167
78170
78175
78178
78182
78184
78186
78190
78193
78196
78199
78202
78206
78208
78210
78214
78218
78220
78222
78226
78230
78232
78234
78238
78242
78244
78246
78250
78253
78256
78266
78268
78271
78278
78279
78281
78331
78333
78336
78340
78342
78345
78348
78351
78355
78358
78361
78364
78368
78372
78375
78379
78382
78385
78388
78391
78394
78396
78399
78402
78405
78408
78412
78415
78418
78421
78424
78428
78430
78433
78438
78441
78445
78447
78449
78453
78457
78459
78461
78465
78469
78471
78473
78477
78480
78482
78485
78488
78493
78496
78504
78508
78512
78520
78522
78525
78528
78531
78534
78537
78540
78543
78547
78550
78554
78557
78560
78563
78566
78569
78572
78575
78578
78581
78584
78587
78591
78595
78598
78603
78606
78609
78612
78617
78620
78623
78626
78631
78634
78637
78639
78642
78646
78651
78653
78667
78670
78673
78678
