6706
6707
6708
6727
6729
6730
6731
6732
6733
6734
6735
6737
6741
6742
6744
6745
6746
6747
6748
6749
6750
6751
6752
6753
6755
6756
6757
6758
6759
6760
6761
6762
6763
6764
6855
6856
6857
6858
6859
6860
6861
6862
6863
6870
6871
6872
6873
6874
6875
6876
6877
6878
6879
6880
6980
6981
6982
6983
6984
6985
6986
6987
6988
6989
6990
6991
6993
7004
7005
7006
7007
7008
7009
7010
7011
7012
7013
7014
7015
7016
7018
7120
7121
7122
7123
7124
7125
7126
7127
7128
7129
7130
7131
7132
7133
7134
7135
7136
7138
7146
7147
7148
7149
7150
7151
7152
7153
7154
7155
7156
7157
7158
7159
7160
7161
7162
7163
7164
7165
7166
7167
7168
7169
7170
7171
7172
7173
7174
7175
7176
7177
7178
7179
7180
7309
7310
7312
7313
7314
7315
7316
7317
7318
7319
7320
7321
7322
7323
7324
7325
7336
7337
7338
7339
7340
7341
7342
7343
7344
7345
7346
7347
7348
7349
7350
7351
7352
7353
7354
7355
7356
7357
7358
7359
7360
7361
7364
7365
7366
7367
7368
7369
7370
7371
7372
7591
7592
7593
7594
7595
7596
7597
7598
7599
7600
7601
7602
7603
7615
7616
7617
7618
7619
7620
7621
7622
7623
7624
7625
7626
7627
7628
7629
7630
7631
7632
7633
7634
7635
7636
7637
7638
7639
7643
7644
7645
7646
7647
7648
7817
7818
7819
7820
7821
7822
7823
7824
7825
7826
7827
7828
7829
7830
7834
7845
7846
7847
7848
7849
7850
7851
7852
7853
7854
7855
7856
7857
7858
7859
7860
7861
7862
7863
7864
7865
7866
8019
8042
8045
8046
8047
8048
8049
8050
8051
8052
8053
8054
8055
8056
8057
8058
8059
8060
8061
8062
8063
8064
8067
8071
8072
8073
8074
8075
8076
8077
8078
8079
8080
8081
8082
8083
8084
8085
8086
8087
8088
8247
8268
8269
8270
8271
8272
8273
8274
8275
8276
8277
8278
8279
8280
8281
8282
8283
8284
8285
8286
8287
8288
8289
8290
8291
8292
8460
8461
8462
8463
8464
8465
8466
8467
8468
8469
8470
8471
8472
8473
8474
8475
8476
8477
8478
8481
8497
8498
8499
8500
8501
8502
8503
8504
8505
8506
8507
8508
8509
8510
8511
8512
8513
8514
8665
8687
8688
8689
8690
8691
8692
8693
8694
8695
8696
8697
8698
8699
8700
8701
8702
8703
8704
8705
8706
8707
8708
8722
8723
8724
8725
8726
8888
8889
8890
8891
8892
8893
8894
8895
8896
8897
8898
8899
8900
8903
8921
8922
8923
8924
8925
8926
8927
8928
8929
8930
8931
8932
8933
8934
8935
8936
8937
8938
9089
9108
9109
9110
9111
9112
9113
9114
9115
9116
9117
9118
9119
9120
9121
9122
9123
9124
9125
9126
9127
9128
9129
9140
9141
9142
9143
9144
9145
9146
9147
9148
9149
9150
9151
9152
9153
9154
9155
9156
9320
9321
9322
9342
9343
9344
9345
9346
9347
9348
9349
9350
9351
9352
9353
9354
9355
9356
9357
9358
9359
9360
9361
9362
9363
9364
9365
9366
9534
9536
9537
9538
9539
9540
9541
9542
9543
9544
9545
9546
9547
9548
9549
9550
9551
9552
9553
9554
9570
9571
9572
9573
9574
9575
9576
9577
9578
9579
9580
9581
9582
9583
9584
9737
9738
9739
9758
9759
9760
9761
9762
9763
9764
9765
9766
9767
9768
9769
9770
9771
9772
9773
9774
9775
9776
9777
9790
9791
9792
9793
9794
9795
9796
9797
9798
9799
9800
9801
9802
9803
9804
9968
9971
9991
9992
9993
9994
9995
9996
9997
9998
9999
10000
10001
10002
10003
10004
10005
10006
10007
10008
10009
10010
10163
10184
10185
10186
10187
10188
10189
10190
10191
10192
10193
10194
10195
10196
10197
10198
10199
10200
10203
10217
10218
10219
10220
10221
10222
10223
10224
10225
10226
10227
10228
10229
10230
10382
10407
10408
10409
10410
10411
10412
10413
10414
10415
10416
10417
10418
10419
10420
10421
10422
10432
10433
10434
10435
10436
10437
10438
10439
10440
10441
10442
10594
10595
10596
10597
10600
10620
10621
10622
10623
10624
10625
10626
10627
10628
10629
10630
10631
10632
10633
10634
10635
10636
10637
10638
10639
10640
10641
10642
10782
10811
10812
10813
10814
10815
10816
10817
10818
10819
10820
10830
10831
10832
10833
10834
10835
10836
10837
10838
10839
10840
10841
10842
10980
10981
10982
10983
10986
11006
11007
11008
11009
11010
11011
11012
11013
11014
11015
11016
11017
11018
11019
11020
11021
11022
11160
11162
11163
11188
11189
11190
11191
11192
11193
11194
11195
11196
11197
11198
11199
11200
11201
11202
11203
11204
11205
11206
11207
11208
11209
11210
11211
11212
11341
11342
11368
11369
11370
11371
11372
11373
11374
11375
11376
11377
11378
11379
11388
11389
11390
11391
11392
11393
11394
11395
11396
11397
11398
11530
11531
11532
11533
11534
11535
11536
11537
11538
11557
11558
11559
11560
11561
11562
11563
11564
11565
11566
11567
11568
11569
11570
11571
11572
11711
11712
11713
11714
11717
11736
11737
11738
11739
11740
11741
11742
11743
11744
11745
11746
11747
11748
11749
11750
11751
11752
11753
11754
11755
11756
11880
11904
11905
11906
11907
11908
11909
11910
11911
11912
11913
11914
11915
11916
11917
11918
11919
11920
11921
11922
11923
11930
11931
11932
11933
11934
11935
11936
11937
11938
11939
11940
12075
12076
12077
12078
12079
12080
12081
12082
12083
12098
12099
12100
12101
12102
12103
12104
12105
12106
12107
12108
12109
12110
12111
12112
12113
12114
12238
12239
12240
12241
12244
12262
12263
12264
12265
12266
12267
12268
12269
12270
12271
12272
12273
12274
12275
12276
12277
12278
12279
12280
12281
12282
12411
12430
12431
12432
12433
12434
12435
12436
12437
12438
12439
12440
12441
12442
12443
12444
12445
12446
12447
12448
12449
12462
12463
12464
12465
12466
12467
12468
12469
12470
12471
12472
12593
12594
12595
12596
12597
12598
12599
12600
12601
12618
12619
12620
12621
12622
12623
12624
12625
12626
12627
12628
12629
12630
12631
12632
12633
12634
12763
12764
12765
12766
12769
12784
12785
12786
12787
12788
12789
12790
12791
12792
12793
12794
12795
12796
12797
12798
12799
12800
12801
12802
12803
12804
12916
12936
12937
12938
12939
12940
12941
12942
12943
12944
12945
12946
12947
12948
12949
12950
12951
12952
12953
12954
12956
12967
12968
12969
12970
12971
12972
12973
12974
12975
12976
12977
12978
12979
12980
13111
13112
13113
13114
13115
13116
13133
13134
13135
13136
13137
13138
13139
13140
13141
13142
13143
13144
13145
13146
13147
13148
13149
13150
13263
13264
13265
13266
13269
13283
13284
13285
13286
13287
13288
13289
13290
13291
13292
13293
13294
13295
13296
13297
13298
13299
13300
13301
13302
13303
13304
13445
13446
13447
13448
13449
13450
13451
13452
13453
13454
13455
13456
13457
13458
13459
13460
13461
13462
13463
13476
13477
13478
13479
13480
13481
13482
13483
13484
13485
13486
13487
13488
13489
13490
13607
13608
13609
13626
13627
13628
13629
13630
13631
13632
13633
13634
13635
13636
13637
13638
13639
13640
13641
13642
13643
13644
13645
13646
13647
13648
13785
13786
13787
13788
13789
13790
13791
13792
13793
13794
13795
13796
13797
13798
13799
13800
13801
13802
13803
13804
13805
13806
13807
13808
13946
13949
13950
13951
13952
13953
13954
13955
13956
13957
13958
13959
13960
13961
13962
13963
13964
13965
13966
13968
13971
13973
13974
13975
13976
13977
13978
13979
13980
13981
13982
13983
13984
13985
13986
13987
13988
13989
13990
13991
13992
14125
14128
14137
14138
14139
14140
14141
14142
14143
14144
14145
14146
14147
14148
14149
14150
14151
14152
14153
14154
14155
14156
14157
14158
14159
14160
14161
14162
14321
14322
14323
14324
14325
14326
14327
14328
14329
14330
14331
14332
14333
14334
14335
14336
14337
14338
14339
14340
14341
14342
14343
14344
14345
14346
14347
14348
14349
14350
14351
14352
14353
14354
14355
14356
14520
14521
14522
14523
14524
14525
14526
14527
14528
14529
14530
14534
14535
14536
14537
14538
14539
14540
14541
14542
14543
14544
14545
14546
14547
14548
14549
14550
14551
14552
14719
14720
14722
14723
14724
14730
14731
14732
14733
14734
14735
14736
14737
14738
14739
14740
14741
14742
14743
14744
14745
14746
14747
14748
14749
14750
14751
14752
14753
14754
14939
14941
14942
14943
14944
14945
14946
14947
14948
14949
14950
14951
14952
14953
14954
14955
14956
14957
14958
14959
14960
14961
14962
14965
14966
14967
14968
14969
14970
15159
15161
15162
15163
15164
15165
15166
15167
15168
15169
15170
15171
15172
15173
15176
15177
15178
15179
15180
15181
15182
15183
15184
15185
15186
15383
15384
15385
15386
15387
15388
15389
15390
15393
15394
15395
15396
15397
15398
15399
15400
15401
15402
15403
15404
15405
15406
15407
15408
15572
15574
15576
15577
15578
15579
15580
15583
15584
15585
15586
15587
15588
15589
15590
15591
15592
15593
15594
15595
15596
15765
15767
15769
15770
15772
15773
15774
15775
15776
15777
15778
15779
15780
15879
15880
16045
16046
16048
16050
16139
16140
16141
16142
16143
16144
16145
16146
16147
16148
16149
16150
16151
16153
16154
16211
16212
16213
16214
16215
16216
16217
16218
16219
16220
16221
16222
16223
16224
16225
16226
16227
16229
16230
16236
16302
16303
16304
16305
16306
16307
16308
16309
16310
16311
16312
16313
16314
16315
16316
16317
16324
16399
16400
16401
16402
16403
16404
16405
16406
16407
16409
16411
16412
16413
16414
16415
16416
16417
16418
16419
16420
16421
16423
16504
16506
16507
16508
16509
16510
16511
16512
16513
16514
16515
16516
16517
16518
16519
16520
16521
16522
16629
16630
16631
16632
16633
16634
16635
16636
16637
16638
16639
16640
16641
16642
16643
16644
16645
16646
16647
16648
16653
16654
16764
16765
16766
16767
16768
16769
16770
16771
16772
16773
16774
16775
16780
16781
16782
16783
16784
16785
16786
16787
16788
16789
16790
16791
16792
16793
16898
16899
16900
16901
16902
16903
16904
16905
16906
16907
16908
16909
16910
16911
16912
16913
16914
16915
16916
16917
16918
16920
17032
17033
17034
17035
17036
17037
17038
17039
17040
17041
17042
17043
17044
17045
17046
17047
17048
17049
17050
17051
17052
17053
17054
17055
17061
17062
17168
17169
17170
17171
17172
17173
17174
17175
17176
17177
17178
17179
17180
17181
17182
17183
17184
17185
17186
17187
17193
17194
17195
17196
17197
17198
17199
17200
17201
17202
17203
17204
17205
17206
17207
17208
17209
17210
17315
17316
17317
17324
17326
17327
17328
17329
17330
17331
17332
17333
17334
17335
17336
17337
17338
17339
17340
17341
17342
17343
17344
17345
17346
17463
17464
17465
17466
17467
17468
17469
17470
17471
17472
17473
17474
17475
17476
17477
17478
17479
17480
17482
17593
17594
17595
17596
17597
17598
17599
17600
17601
17602
17603
17604
17605
17606
17607
17608
17609
17610
17611
17612
17613
17615
17730
17731
17732
17733
17734
17735
17736
17737
17738
17739
17740
17741
17742
17743
17744
17745
17746
17747
17748
17749
17750
17751
17760
17761
17762
17763
17764
17765
17767
17867
17868
17869
17870
17871
17872
17873
17874
17875
17876
17877
17878
17879
17880
17889
17891
17892
17893
17894
17895
17896
17897
17898
17899
17900
17901
17902
17903
17904
17905
17906
18023
18024
18025
18036
18037
18038
18039
18040
18041
18042
18043
18044
18045
18046
18047
18048
18049
18050
18051
18052
18053
18054
18055
18056
18060
18170
18171
18172
18173
18174
18175
18176
18177
18178
18179
18180
18181
18182
18183
18184
18185
18186
18187
18188
18189
18190
18191
18201
18203
18204
18205
18206
18207
18208
18209
18324
18325
18326
18327
18328
18329
18330
18331
18332
18344
18345
18346
18347
18348
18349
18350
18351
18352
18353
18354
18355
18356
18357
18358
18359
18360
18361
18363
18471
18472
18473
18474
18475
18476
18477
18478
18479
18480
18481
18482
18483
18484
18485
18486
18487
18488
18489
18490
18491
18492
18493
18494
18496
18506
18507
18508
18509
18510
18511
18619
18620
18621
18622
18623
18624
18625
18626
18627
18628
18629
18630
18641
18642
18643
18644
18645
18646
18647
18648
18649
18650
18651
18652
18653
18654
18655
18656
18657
18658
18659
18660
18661
18662
18663
18671
18775
18776
18777
18778
18779
18780
18781
18782
18783
18784
18785
18786
18787
18788
18789
18790
18791
18792
18793
18794
18795
18796
18797
18806
18807
18808
18809
18810
18811
18812
18813
18814
18815
18816
18920
18921
18922
18923
18924
18925
18926
18927
18928
18933
18935
18936
18937
18938
18939
18940
18941
18942
18943
18944
18945
18946
18947
18948
18949
18950
18951
18952
18953
18954
18955
18956
18957
19068
19069
19070
19071
19072
19073
19074
19075
19076
19077
19078
19079
19080
19081
19082
19083
19084
19085
19086
19087
19088
19089
19090
19091
19092
19097
19098
19099
19205
19206
19207
19208
19209
19210
19211
19212
19213
19214
19215
19216
19217
19218
19228
19229
19230
19231
19232
19233
19234
19235
19236
19237
19238
19239
19240
19241
19242
19243
19244
19245
19246
19247
19361
19362
19363
19364
19365
19366
19367
19368
19369
19370
19371
19372
19373
19374
19375
19376
19377
19378
19379
19380
19381
19382
19383
19384
19386
19391
19506
19507
19508
19509
19510
19511
19512
19513
19514
19515
19516
19517
19518
19519
19520
19521
19522
19523
19524
19525
19526
19527
19528
19529
19530
19540
19542
19543
19544
19545
19546
19650
19651
19652
19653
19654
19655
19656
19657
19658
19659
19660
19661
19672
19673
19674
19675
19676
19677
19678
19679
19680
19681
19682
19683
19684
19685
19686
19687
19688
19689
19690
19691
19693
19817
19818
19819
19820
19821
19822
19823
19824
19825
19826
19827
19828
19829
19830
19831
19832
19833
19834
19835
19836
19837
19838
19839
19844
19845
19846
19967
19969
19970
19971
19972
19973
19974
19975
19976
19977
19978
19979
19980
19992
19993
19994
19995
19996
19997
19998
19999
20000
20001
20002
20003
20004
20005
20006
20007
20134
20135
20136
20137
20138
20139
20140
20141
20142
20143
20144
20145
20146
20147
20148
20149
20150
20151
20152
20153
20154
20155
20160
20161
20162
20291
20292
20293
20294
20295
20296
20297
20298
20299
20300
20301
20302
20314
20315
20316
20317
20318
20319
20320
20321
20322
20323
20324
20325
20326
20327
20328
20329
20459
20460
20461
20462
20463
20464
20465
20466
20467
20468
20469
20470
20471
20472
20473
20474
20475
20476
20477
20478
20479
20480
20481
20486
20487
20488
20603
20604
20605
20606
20607
20608
20609
20610
20611
20612
20613
20614
20615
20616
20626
20627
20628
20629
20630
20631
20632
20633
20634
20635
20636
20637
20638
20639
20640
20641
20642
20643
20765
20766
20767
20768
20769
20770
20771
20772
20773
20774
20775
20776
20777
20778
20779
20780
20781
20793
20794
20795
20796
20797
20798
20799
20800
20801
20802
20803
20804
20805
20806
20807
20809
20927
20928
20929
20930
20931
20932
20933
20934
20935
20936
20937
20938
20939
20940
20941
20942
20943
20944
20945
20946
20947
20948
20949
20950
20957
20958
20959
20960
21073
21074
21075
21076
21077
21078
21079
21080
21081
21082
21083
21084
21085
21086
21096
21097
21098
21099
21100
21101
21102
21103
21104
21105
21106
21107
21108
21109
21110
21111
21112
21113
21114
21115
21116
21117
21118
21126
21242
21243
21244
21245
21246
21247
21248
21249
21250
21251
21252
21253
21254
21255
21256
21257
21258
21268
21269
21270
21271
21272
21273
21274
21275
21276
21277
21278
21279
21280
21281
21282
21283
21284
21285
21286
21424
21425
21426
21427
21428
21429
21430
21431
21432
21433
21434
21435
21436
21437
21438
21439
21440
21441
21442
21443
21444
21445
21446
21451
21452
21453
21567
21568
21569
21570
21571
21572
21573
21574
21575
21576
21577
21578
21579
21580
21592
21593
21594
21595
21596
21597
21598
21599
21600
21601
21602
21603
21604
21605
21606
21607
21608
21609
21736
21737
21738
21739
21740
21741
21742
21743
21744
21745
21746
21747
21748
21749
21750
21751
21752
21753
21754
21755
21756
21757
21758
21771
21772
21773
21774
21775
21776
21890
21891
21892
21893
21894
21895
21896
21897
21898
21913
21914
21915
21916
21917
21918
21919
21920
21921
21922
21923
21924
21925
21926
21927
21928
21929
21930
21931
22047
22048
22049
22050
22051
22052
22053
22054
22055
22056
22057
22058
22059
22060
22061
22062
22063
22064
22065
22066
22067
22068
22081
22083
22084
22085
22086
22087
22088
22183
22184
22185
22186
22187
22188
22189
22190
22191
22204
22205
22206
22207
22208
22209
22210
22211
22212
22213
22214
22215
22216
22217
22218
22219
22220
22221
22222
22224
22331
22332
22333
22334
22335
22336
22337
22338
22339
22340
22341
22342
22343
22344
22345
22358
22359
22360
22362
22363
22364
22365
22366
22367
22368
22369
22370
22371
22372
22373
22374
22375
22376
22378
22401
22503
22504
22505
22506
22507
22508
22509
22510
22511
22512
22513
22514
22515
22516
22528
22530
22531
22532
22533
22534
22535
22536
22537
22538
22539
22540
22541
22542
22543
22544
22702
22703
22704
22705
22706
22707
22708
22709
22710
22711
22712
22713
22714
22715
22716
22717
22718
22719
22720
22721
22735
22736
22737
22738
22865
22866
22867
22868
22869
22870
22871
22872
22873
22875
22877
22878
22879
22881
22882
22883
22884
22885
22886
22887
22888
22889
22890
22891
22892
22907
22908
23010
23012
23013
23014
23015
23016
23017
23026
23027
23028
23029
23030
23031
23032
23130
23131
23132
23133
23134
23135
23143
23144
23145
23146
23147
23148
23149
23153
23223
23224
23225
23226
23227
23228
23229
23230
23231
23235
23236
23237
23238
23239
23240
23241
23242
23243
23244
23245
23246
23247
23248
23252
23254
23255
23256
23257
23258
23259
23260
23295
23296
23297
23298
23299
23300
23301
23302
23303
23306
