41955
41956
41957
41960
41962
41964
41967
41969
41971
41973
41975
41978
41980
41982
41985
41988
41990
41993
41996
41999
42002
42004
42006
42010
42012
42014
42016
42018
42021
42023
42025
42028
42031
42033
42036
42039
42042
42045
42048
42051
42054
42057
42059
42061
42065
42067
42069
42071
42073
42076
42078
42080
42083
42086
42088
42091
42094
42097
42100
42103
42106
42109
42112
42115
42118
42121
42125
42127
42129
42132
42135
42138
42141
42144
42147
42150
42154
42155
42156
42158
42160
42162
42165
42167
42169
42171
42175
42178
42180
42182
42184
42188
42191
42193
42195
42197
42199
42202
42204
42206
42209
42212
42214
42220
42225
42228
42233
42236
42239
42241
42245
42249
42251
42253
42255
42257
42260
42262
42264
42268
42272
42274
42279
42282
42287
42290
42293
42295
42299
42303
42305
42307
42309
42311
42314
42316
42318
42322
42326
42328
42333
42336
42340
42343
42346
42348
42350
42354
42356
42358
42362
42366
42368
42370
42374
42377
42380
42383
42386
42389
42391
42393
42397
42399
42401
42405
42408
42411
42414
42417
42420
42422
42425
42428
42431
42434
42438
42441
42444
42447
42450
42453
42456
42459
42462
42465
42467
42469
42473
42475
42477
42480
42483
42486
42489
42492
42494
42497
42500
42503
42506
42509
42512
42515
42518
42521
42524
42527
42531
42533
42535
42538
42541
42544
42547
42550
42553
42556
42560
42563
42566
42569
42571
42574
42577
42580
42583
42586
42589
42592
42595
42598
42601
42604
42607
42609
42613
42616
42618
42620
42622
42626
42629
42631
42633
42637
42641
42643
42648
42650
42654
42658
42660
42662
42664
42668
42671
42673
42675
42679
42683
42685
42690
42692
42696
42700
42702
42704
42708
42712
42714
42716
42720
42724
42726
42728
42732
42736
42738
42740
42744
42748
42750
42753
42757
42760
42764
42766
42768
42771
42775
42777
42779
42783
42786
42789
42792
42795
42799
42801
42803
42807
42810
42812
42814
42818
42820
42822
42826
42829
42832
42835
42838
42841
42843
42846
42849
42852
42855
42859
42862
42865
42868
42871
42875
42877
42879
42882
42885
42888
42891
42894
42897
42900
42949
42956
42961
42966
42993
43002
43006
43015
43028
43032
43036
43038
43043
43046
43051
43054
43057
43059
43065
43067
43069
43073
43077
43079
43082
43087
43090
43093
43095
43097
43101
43103
43105
43109
43112
43114
43118
43121
43123
43126
43131
43134
43137
43139
43141
43145
43147
43149
43153
43157
43159
43162
43167
43170
43173
43175
43177
43181
43183
43185
43189
43193
43195
43198
43203
43206
43210
43212
43215
43219
43222
43226
43228
43230
43233
43237
43239
43241
43245
43248
43251
43254
43257
43261
43263
43265
43269
43273
43275
43277
43281
43284
43287
43290
43293
43296
43298
43301
43304
43307
43309
43312
43315
43319
43323
43325
43328
43554
43561
43564
43570
43572
43584
43588
43592
43594
43596
43603
43605
43607
43611
43614
43616
43620
43623
43625
43628
43632
43635
43637
43639
43643
43645
43647
43651
43655
43657
43660
43664
43667
43671
43673
43676
43680
43683
43687
43689
43691
43695
43698
43700
43702
43706
43708
43710
43714
43717
43720
43723
43726
43730
43732
43734
43737
43740
43743
43747
43750
43753
43756
43759
43763
43765
43767
43771
43774
43777
43780
43784
43787
43790
43793
43796
43799
43802
44137
44139
44149
44152
44156
44159
44161
44169
44171
44175
44179
44181
44184
44188
44191
44195
44197
44200
44204
44207
44210
44212
44216
44219
44221
44223
44227
44230
44232
44234
44238
44240
44243
44247
44250
44253
44256
44259
44262
44265
44267
44270
44273
44276
44279
44283
44286
44288
44291
44294
44298
44300
44303
44306
44309
44312
44712
44737
44744
44753
44756
44771
44778
44784
44790
44792
44801
44803
44806
44809
44812
44816
44819
44829
44832
44836
44839
44842
44845
44848
44852
44855
44858
44861
44864
44867
45329
60626
60627
60628
60630
60632
60636
60639
60641
60643
60645
60649
60652
60654
60656
60658
60662
60665
60670
60674
60677
60680
60684
60692
60695
60700
60706
60709
60730
60732
60736
60742
60748
60751
60757
60760
60768
60780
61180
61181
61182
61185
61189
61192
61195
61198
61201
61204
61207
61210
61213
61216
61219
61222
61225
61228
61231
61235
61237
61240
61243
61246
61248
61254
61256
61260
61263
61266
61269
61272
61275
61278
61281
61284
61288
61290
61292
61296
61300
61302
61304
61308
61311
61313
61317
61320
61322
61324
61328
61332
61334
61340
61344
61348
61350
61352
61355
61363
61367
61371
61375
61378
61398
61402
61424
61732
61734
61737
61740
61742
61745
61748
61751
61754
61757
61760
61763
61766
61769
61772
61775
61779
61781
61784
61788
61791
61793
61795
61799
61801
61803
61807
61810
61813
61816
61819
61822
61824
61827
61830
61834
61837
61842
61845
61848
61850
61852
61856
61858
61860
61863
61866
61869
61873
61876
61879
61882
61885
61889
61891
61894
61899
61902
61905
61907
61911
61915
61917
61919
61923
61926
61928
61931
61934
61938
61943
61945
61949
61953
61955
61957
61960
61963
61966
61970
61974
61977
61979
61983
61987
61989
61990
61991
61993
62000
62006
62010
62014
62016
62018
62021
62023
62024
62025
62027
62031
62063
62067
62069
62071
62108
62111
62119
62122
62288
62291
62294
62297
62300
62303
62306
62309
62312
62316
62319
62324
62327
62330
62332
62335
62338
62341
62344
62348
62351
62354
62357
62360
62364
62366
62368
62372
62376
62378
62380
62384
62387
62390
62393
62396
62399
62401
62404
62407
62411
62413
62417
62421
62423
62425
62428
62431
62434
62438
62442
62444
62446
62450
62454
62456
62458
62460
62462
62465
62467
62469
62473
62476
62478
62481
62484
62489
62492
62497
62500
62503
62505
62509
62513
62515
62516
62517
62519
62523
62526
62529
62533
62539
62544
62546
62550
62554
62556
62557
62558
62560
62562
62564
62567
62569
62571
62575
62578
62581
62584
62590
62592
62596
62600
62602
62604
62608
62613
62616
62619
62622
62627
62630
62633
62636
62641
62645
62650
62655
62660
62665
62670
62673
62676
62679
62682
62685
62688
62691
62694
62698
62701
62706
62709
62712
62715
62718
62721
62724
62727
62730
62734
62737
62740
62743
62747
62750
62755
62758
62761
62764
62769
62772
62775
62778
62781
62784
62787
62790
62793
62797
62800
62803
62806
62810
62815
62818
62823
62826
62829
62832
62835
62838
62841
62844
62847
62850
62853
62856
62859
62863
62868
62871
62876
62879
62882
62885
62888
62891
62894
62897
62902
62905
62909
62915
62918
62923
62926
62930
62936
62941
62946
62947
62948
62951
62953
62955
62958
62960
62961
62962
62964
62968
62971
62974
62977
62979
62981
62985
62987
62989
62992
62995
62997
63000
63003
63006
63009
63011
63013
63017
63019
63021
63023
63025
63028
63030
63032
63035
63038
63040
63043
63046
63049
63052
63055
63058
63061
63064
63066
63068
63072
63074
63076
63078
63080
63083
63085
63087
63090
63093
63095
63098
63101
63104
63107
63110
63113
63116
63119
63122
63125
63128
63132
63134
63136
63139
63142
63144
63147
63150
63153
63156
63159
63162
63165
63169
63171
63173
63176
63179
63181
63184
63187
63190
63193
63195
63197
63201
63203
63205
63208
63211
63214
63217
63253
63259
63265
63273
63278
63286
63290
63299
63302
63306
63308
63314
63317
63322
63325
63328
63331
63334
63337
63340
63342
63348
63350
63351
63352
63354
63361
63364
63369
63372
63375
63378
63383
63386
63389
63391
63393
63397
63399
63401
63403
63405
63408
63410
63412
63416
63420
63422
63427
63430
63435
63438
63441
63444
63449
63452
63455
63457
63459
63463
63465
63467
63471
63475
63477
63482
63485
63489
63492
63495
63497
63499
63503
63505
63507
63511
63515
63517
63519
63523
63526
63529
63532
63535
63538
63540
63542
63546
63548
63550
63554
63558
63560
63563
63567
63570
63573
63576
63579
63582
63585
63588
63591
63595
63597
63599
63603
63607
63609
63612
63616
63619
63622
63625
63628
63631
63635
63637
63639
63643
63646
63649
63652
63655
63658
63660
63663
63667
63670
63673
63676
63679
63683
63685
63687
63694
63913
63920
63930
63932
63942
63944
63952
63954
63956
63964
63966
63968
63972
63976
63978
63980
63984
63988
63990
63992
63995
63999
64001
64003
64007
64011
64013
64015
64019
64022
64024
64026
64030
64032
64034
64038
64042
64044
64046
64050
64053
64056
64059
64062
64066
64068
64071
64075
64087
64096
64099
64425
64458
64461
64482
64484
64494
64497
64508
64510
64512
64516
64520
64522
64524
64528
64532
64534
64537
64544
65054
80066
80071
80074
80076
80079
80082
80085
80088
80091
80094
80097
80103
80109
80113
80121
80125
80127
80129
80133
80139
80149
80164
80170
80186
80200
80400
80402
80405
80408
80411
80414
80417
80420
80423
80427
80429
80433
80436
80439
80442
80445
80448
80450
80453
80456
80459
80462
80466
80469
80472
80475
80478
80481
80483
80487
80490
80492
80495
80499
80502
80505
80508
80511
80515
80517
80520
80524
80527
80531
80533
80536
80541
80544
80548
80550
80552
80556
80559
80561
80565
80568
80570
80572
80575
80579
80581
80584
80595
80610
80620
80634
80649
80755
80757
80760
80763
80765
80768
80771
80774
80777
80780
80783
80786
80789
80791
80794
80797
80801
80803
80807
80811
80813
80815
80818
80821
80824
80828
80831
80833
80837
80840
80842
80845
80849
80853
80855
80858
80862
80865
80869
80871
80873
80876
80880
80882
80884
80888
80891
80893
80897
80900
80902
80905
80909
80912
80914
80916
80920
80922
80924
80928
80932
80934
80937
80942
80945
80949
80951
80954
80958
80961
80964
80966
80970
80973
80981
80985
80993
80997
81005
81073
81075
81078
81081
81084
81087
81091
81093
81097
81100
81103
81106
81109
81112
81114
81117
81121
81124
81127
81130
81133
81136
81139
81142
81145
81149
81151
81154
81158
81161
81164
81167
81170
81174
81176
81178
81182
81185
81187
81191
81194
81196
81199
81204
81207
81211
81213
81216
81220
81223
81227
81229
81231
81234
81238
81240
81242
81246
81249
81251
81255
81258
81260
81263
81267
81270
81272
81274
81278
81280
81283
81287
81290
81294
81296
81299
81304
81307
81310
81312
81314
81318
81320
81322
81326
81330
81332
81335
81340
81343
81346
81348
81352
81356
81358
81359
81360
81362
81366
81371
81375
81380
81385
81387
81391
81395
81408
81414
81416
81419
81422
81425
81428
81431
81434
81437
81441
81443
81447
81450
81453
81456
81459
81462
81464
81467
81470
81473
81476
81480
81483
81485
81488
81491
81495
81498
81502
81505
81508
81511
81514
81518
81520
81522
81525
81528
81531
81535
81539
81541
81544
81549
81552
81555
81557
81559
81563
81565
81567
81571
81574
81577
81580
81583
81587
81589
81592
81597
81600
81604
81606
81608
81612
81616
81618
81620
81624
81628
81630
81631
81632
81634
81638
81641
81645
81650
81652
81656
81660
81662
81664
81667
81670
81673
81679
81681
81685
81689
81691
81693
81695
81699
81707
81714
81716
81719
81722
81725
81728
81732
81735
81739
81742
81745
81748
81751
81754
81756
81759
81763
81766
81768
81771
81774
81778
81781
81785
81788
81792
81794
81796
81799
81802
81805
81809
81812
81814
81817
81820
81824
81827
81831
81834
81836
81838
81842
81844
81846
81849
81852
81855
81859
81863
81866
81869
81874
81877
81880
81882
81884
81888
81890
81893
81897
81899
81902
81907
81910
81913
81915
81919
81923
81925
81928
81932
81934
81939
81942
81951
81953
81956
81960
81963
81967
81970
81973
81976
81980
81983
81986
81989
81993
81996
82001
82004
82007
82010
82013
82016
82019
82022
82025
82029
82032
82035
82038
82042
82045
82050
82053
82056
82059
82062
82065
82068
82070
82073
82076
82079
82081
82084
82087
82091
82096
82099
82104
82107
82110
82112
82116
82120
82122
82124
82128
82133
82136
82140
82146
82151
82156
82161
82164
82167
82172
