5760
5762
5764
5766
5768
5773
5774
5775
5776
5777
5778
5779
5780
5781
5782
5825
5836
5837
5838
5839
5840
5841
5842
5843
5844
5845
5846
5847
5848
5851
5852
5853
5854
5855
5856
5857
5858
5859
5860
5925
5939
5941
5942
5943
5944
5945
5946
5947
5948
5949
5950
5951
5952
5953
5956
5960
5961
5962
6052
6055
6056
6057
6058
6059
6060
6066
6068
6069
6070
6071
6072
6073
6074
6075
6076
6077
6169
6170
6171
6172
6173
6174
6175
6176
6177
6178
6179
6187
6188
6189
6190
6191
6192
6193
6194
6195
6312
6313
6329
6330
6331
6332
6333
6334
6335
6336
6337
6338
6339
6340
6341
6342
6343
6476
6477
6479
6480
6481
6482
6483
6484
6485
6486
6487
6488
6500
6501
6502
6503
6504
6505
6506
6507
6508
6509
6510
6511
6629
6630
6631
6632
6633
6634
6635
6636
6637
6638
6639
6640
6641
6642
6643
6644
6651
6652
6653
6762
6763
6764
6765
6766
6767
6784
6785
6786
6787
6788
6789
6790
6791
6792
6793
6904
6905
6906
6907
6908
6909
6910
6911
6912
6913
6914
6915
6916
6917
6919
6925
6926
6927
6928
6929
6930
7024
7025
7026
7027
7028
7029
7047
7048
7049
7050
7051
7052
7053
7054
7055
7056
7057
7058
7059
7178
7179
7180
7181
7182
7183
7184
7185
7186
7187
7188
7189
7190
7191
7192
7193
7201
7202
7203
7204
7205
7206
7313
7314
7315
7316
7340
7341
7342
7343
7344
7345
7346
7347
7348
7349
7350
7351
7352
7353
7355
7469
7470
7471
7472
7473
7474
7475
7476
7477
7478
7479
7480
7481
7482
7483
7484
7485
7486
7487
7489
7493
7494
7495
7612
7613
7614
7615
7616
7617
7618
7619
7620
7621
7622
7643
7644
7645
7646
7647
7648
7649
7650
7651
7652
7653
7654
7655
7656
7773
7775
7776
7777
7778
7779
7780
7781
7782
7783
7784
7785
7786
7787
7795
7796
7797
7928
7929
7930
7931
7932
7933
7934
7935
7959
7960
7961
7962
7963
7964
7965
7966
7967
7968
7969
7970
7971
8105
8106
8107
8108
8109
8110
8111
8112
8113
8114
8115
8116
8117
8118
8119
8121
8127
8128
8129
8254
8255
8256
8257
8258
8259
8260
8261
8262
8264
8285
8286
8287
8288
8289
8290
8291
8292
8293
8294
8295
8296
8297
8298
8299
8433
8434
8435
8436
8437
8438
8439
8440
8441
8442
8443
8444
8445
8446
8447
8448
8449
8450
8451
8452
8455
8456
8457
8589
8590
8591
8592
8593
8594
8595
8596
8597
8598
8599
8600
8603
8620
8621
8622
8623
8624
8625
8626
8627
8628
8629
8630
8631
8632
8633
8634
8770
8771
8772
8773
8774
8775
8776
8777
8778
8779
8780
8781
8782
8783
8784
8785
8786
8787
8788
8792
8793
8794
8916
8917
8918
8919
8920
8921
8922
8923
8924
8925
8926
8927
8928
8931
8941
8942
8943
8944
8945
8946
8947
8948
8949
8950
8951
8952
8953
8954
8955
8956
9077
9098
9099
9100
9101
9102
9103
9104
9105
9106
9107
9108
9109
9110
9111
9112
9113
9114
9115
9116
9117
9118
9119
9122
9123
9124
9249
9250
9251
9252
9253
9254
9255
9256
9257
9258
9259
9260
9261
9264
9271
9272
9273
9274
9275
9276
9277
9278
9279
9280
9281
9282
9283
9284
9285
9286
9395
9415
9416
9417
9418
9419
9420
9421
9422
9423
9424
9425
9426
9427
9428
9429
9430
9431
9432
9433
9434
9435
9567
9568
9569
9570
9571
9572
9573
9574
9575
9576
9577
9578
9579
9580
9581
9582
9583
9584
9585
9587
9588
9592
9593
9594
9595
9596
9597
9598
9599
9600
9601
9602
9603
9728
9729
9730
9731
9732
9733
9750
9751
9752
9753
9754
9755
9756
9757
9758
9759
9760
9761
9762
9763
9764
9765
9766
9767
9768
9769
9770
9771
9893
9894
9895
9896
9897
9898
9899
9900
9901
9902
9903
9904
9905
9906
9907
9908
9909
9910
9911
9912
9913
9917
9918
9919
9920
9921
9922
9923
9924
9925
9926
9927
9928
9929
9930
9931
10050
10051
10052
10069
10070
10071
10072
10073
10074
10075
10076
10077
10078
10079
10080
10081
10082
10083
10084
10085
10086
10087
10088
10089
10090
10091
10221
10222
10223
10224
10225
10226
10227
10228
10229
10230
10231
10232
10233
10234
10235
10236
10237
10238
10239
10240
10241
10242
10243
10249
10250
10251
10370
10371
10372
10373
10374
10375
10376
10377
10378
10379
10380
10381
10382
10383
10384
10387
10392
10393
10394
10395
10396
10397
10398
10399
10400
10401
10402
10403
10404
10405
10406
10407
10531
10550
10551
10552
10553
10554
10555
10556
10557
10558
10559
10560
10561
10562
10563
10564
10565
10566
10567
10568
10569
10570
10696
10697
10698
10699
10700
10701
10702
10703
10704
10705
10706
10707
10708
10709
10710
10711
10712
10713
10714
10715
10716
10717
10720
10721
10722
10723
10724
10725
10842
10843
10844
10845
10846
10847
10848
10849
10850
10851
10854
10867
10868
10869
10870
10871
10872
10873
10874
10875
10876
10877
10878
10879
10880
10881
10882
10883
10987
11009
11010
11011
11012
11013
11014
11015
11016
11017
11018
11019
11020
11021
11022
11023
11024
11025
11026
11027
11028
11029
11151
11152
11153
11154
11155
11156
11157
11158
11159
11160
11161
11162
11163
11164
11165
11166
11167
11168
11169
11170
11171
11172
11175
11176
11177
11178
11179
11180
11289
11290
11291
11292
11293
11294
11295
11296
11297
11298
11301
11314
11315
11316
11317
11318
11319
11320
11321
11322
11323
11324
11325
11326
11327
11328
11329
11330
11458
11459
11460
11461
11462
11463
11464
11465
11466
11467
11468
11469
11470
11471
11472
11473
11474
11475
11476
11477
11592
11593
11594
11595
11596
11597
11598
11599
11600
11601
11602
11603
11604
11605
11606
11607
11608
11609
11610
11611
11616
11617
11618
11619
11620
11621
11734
11735
11736
11737
11738
11739
11740
11741
11753
11754
11755
11756
11757
11758
11759
11760
11761
11762
11763
11764
11765
11766
11767
11898
11899
11900
11901
11902
11903
11904
11905
11906
11907
11908
11909
11910
11911
11912
11913
11914
11915
11917
12042
12043
12044
12045
12046
12047
12048
12049
12050
12051
12052
12053
12054
12055
12056
12057
12058
12059
12060
12061
12062
12177
12178
12179
12180
12181
12182
12183
12184
12185
12186
12187
12188
12189
12190
12191
12192
12193
12194
12195
12196
12199
12203
12204
12205
12206
12207
12208
12209
12210
12211
12212
12213
12214
12215
12216
12217
12336
12337
12338
12349
12351
12352
12353
12354
12355
12356
12357
12358
12359
12360
12361
12362
12363
12364
12365
12366
12367
12368
12369
12370
12371
12489
12490
12491
12492
12493
12494
12495
12496
12497
12498
12499
12500
12501
12502
12503
12504
12505
12506
12507
12508
12509
12510
12627
12629
12630
12631
12632
12633
12634
12635
12636
12637
12638
12639
12640
12641
12642
12643
12644
12645
12648
12652
12653
12654
12655
12656
12657
12658
12659
12660
12661
12662
12663
12777
12778
12780
12782
12787
12788
12789
12790
12791
12792
12793
12794
12795
12796
12797
12798
12799
12800
12801
12802
12803
12804
12805
12806
12807
12808
12925
12926
12927
12928
12929
12930
12931
12932
12933
12934
12935
12936
12937
12938
12939
12940
12941
12942
12943
12944
12945
12946
12947
12948
12949
13058
13060
13061
13062
13063
13064
13065
13066
13067
13068
13069
13070
13071
13072
13073
13074
13075
13076
13077
13078
13079
13080
13081
13082
13085
13086
13087
13088
13089
13090
13091
13092
13093
13209
13210
13211
13212
13213
13214
13215
13216
13217
13218
13219
13222
13223
13224
13225
13226
13227
13228
13229
13230
13231
13232
13233
13234
13235
13236
13237
13238
13239
13240
13357
13358
13359
13360
13361
13362
13363
13364
13365
13366
13367
13368
13369
13370
13371
13372
13373
13374
13375
13376
13377
13378
13497
13498
13499
13500
13501
13502
13503
13504
13505
13506
13507
13508
13509
13510
13511
13512
13513
13514
13515
13518
13519
13520
13627
13628
13629
13630
13631
13632
13633
13634
13635
13636
13637
13638
13639
13642
13643
13644
13645
13646
13647
13648
13649
13650
13651
13652
13762
13763
13764
13772
13773
13774
13775
13776
13777
13778
13779
13780
13781
13782
13783
13784
13785
13786
13873
13875
13876
13877
13878
13879
13880
13881
13882
13883
13884
13885
13886
13887
13968
13969
13970
13971
13972
13973
13974
13975
13976
13977
13978
13981
13982
13983
13984
13985
13986
13987
14059
14066
14067
14068
14069
14070
14071
14072
14073
14074
14075
14147
14148
