42342
42344
42348
42351
42355
42359
42362
42366
42368
42370
42373
42375
42377
42379
42383
42386
42388
42390
42392
42396
42399
42403
42407
42410
43380
43381
43382
43384
43386
43390
43393
43395
43397
43399
43403
43406
43408
43410
43412
43416
43419
43424
43427
43432
43435
43438
43441
43444
43447
43450
43453
43456
43462
43467
43472
43474
43478
43482
43484
43486
43488
43492
43495
43497
43499
43505
43522
44400
44402
44405
44408
44410
44413
44416
44419
44422
44425
44428
44431
44434
44436
44440
44443
44445
44447
44449
44453
44456
44461
44469
44472
44475
44478
44481
44484
44487
44491
44495
44500
44503
44507
44510
44513
44519
45392
45393
45394
45396
45398
45402
45405
45407
45409
45411
45415
45418
45420
45421
45422
45425
45429
45432
45435
45438
45444
45449
45452
45456
45459
45462
45464
45468
45471
45473
45475
45477
45481
45484
45497
45500
45503
45506
45509
45515
45520
45526
46350
46352
46355
46358
46360
46363
46366
46369
46372
46374
46378
46381
46383
46385
46387
46391
46394
46396
46398
46401
46404
46406
46409
46412
46416
46420
46425
46428
46432
46435
46438
46440
46444
46447
46460
46463
46466
46470
46474
46480
47468
47470
47473
47476
47478
47481
47484
47487
47490
47493
47496
47499
47502
47504
47508
47511
47513
47515
47518
47521
47523
47526
47529
47533
47537
47540
47544
47547
47550
47552
47556
47559
47572
47575
47578
47582
47586
47588
47592
48502
48504
48507
48510
48512
48515
48518
48521
48524
48527
48530
48533
48536
48538
48542
48545
48547
48549
48552
48555
48558
48562
48566
48568
48571
48575
48578
48581
48583
48587
48590
48609
48619
48626
48629
49664
49666
49669
49672
49674
49677
49680
49683
49686
49689
49692
49695
49699
49704
49711
49716
49721
49723
49727
49730
49733
49736
49739
49742
49744
49748
50962
50965
50968
50972
50974
50977
50982
50989
50995
51001
51010
53473
53503
53506
53512
54520
54524
54527
54529
54534
54537
54557
54559
54562
54566
54569
54572
54575
54578
54582
54585
54588
54591
54594
54597
54600
55085
55088
55091
55095
55097
55103
55108
55114
55116
55118
55122
55125
55128
55131
55134
55137
55140
55143
55146
55149
55151
55154
55157
55160
55163
55167
55170
55172
55175
55178
55182
55184
55187
55190
55193
55196
55628
55631
55633
55637
55640
55644
55647
55651
55653
55656
55660
55663
55666
55669
55672
55675
55679
55681
55683
55686
55689
55692
55696
55700
55702
55704
55708
55711
55714
55717
55720
55723
55726
55729
55733
55736
55739
55742
56179
56183
56186
56206
56208
56212
56216
56218
56220
56223
56227
56229
56232
56236
56239
56242
56244
56248
56251
56253
56255
56259
56263
56265
56268
56272
56275
56278
56281
56284
56287
56290
56293
56296
56299
56302
56305
56308
56312
56772
56774
56778
56781
56795
56801
56803
56805
56809
56813
56815
56818
56822
56825
56829
56831
56834
56838
56841
56844
56846
56850
56853
56855
56856
56857
56860
56864
56867
56871
56875
56878
56882
56885
56888
56891
56894
56897
56900
56903
56906
56909
56912
57392
57400
57405
57408
57411
57413
57417
57421
57423
57425
57427
57431
57434
57436
57438
57442
57444
57449
57451
57455
57459
57461
57463
57465
57469
57472
57474
57476
57478
57482
57485
57487
57490
57494
57497
57500
57503
57506
57509
57513
57517
57522
57527
57790
57795
57798
57802
57805
57809
57812
57815
57818
57821
57824
57827
57830
57833
57836
57839
57842
57845
57848
57851
57854
57857
57860
57865
57870
57875
57878
57883
57886
57890
57893
57897
57900
57904
57907
57911
57914
57918
57921
57925
57928
57932
57935
57939
57942
57947
57952
57957
57962
57967
57974
57977
57980
57983
58024
58025
58026
58028
58033
58036
58039
58042
58045
58048
58050
58052
58055
58079
58082
58085
58088
58096
58099
58103
58185
58186
58187
58189
58191
58195
58198
58200
58201
58202
58205
58212
58215
58219
58222
58225
58228
58231
58234
58237
58239
58243
58246
58248
58250
58252
58256
58259
58284
58290
58295
58475
58477
58480
58483
58485
58487
58491
58494
58496
58498
58502
58506
58508
58511
58515
58518
58521
58524
58527
58530
58533
58536
58539
58542
58545
58547
58551
58554
58897
58899
58902
58906
58908
58912
58917
58920
58924
58927
58930
58933
58936
58939
58942
58945
58948
58951
58954
58957
58960
58964
59455
59458
59463
59466
59469
59472
59475
59478
59481
59484
59487
59490
59493
63405
63408
63413
63415
63417
63421
63423
63425
63428
63431
63436
63439
63443
63445
63447
63450
63453
63456
63459
63462
63465
63468
63471
63474
63477
64540
64544
64547
64561
64564
64568
64571
64574
64576
64580
64583
64585
64587
64590
64594
64596
64599
64603
64606
64610
64612
64614
64618
64622
64624
64626
64630
64633
64636
64639
64642
64645
64647
64650
64653
64656
64659
64662
64665
64668
64672
64676
64678
64680
64683
64686
64689
64692
64695
64698
64701
65617
65620
65623
65626
65628
65632
65635
65647
65649
65652
65656
65659
65662
65664
65668
65671
65673
65675
65678
65682
65684
65686
65690
65694
65696
65698
65702
65706
65708
65711
65715
65718
65721
65723
65727
65730
65732
65733
65734
65737
65741
65744
65748
65752
65755
65759
65762
65765
65768
65771
65774
65777
66712
66715
66718
66721
66725
66729
66737
66739
66741
66745
66748
66751
66754
66757
66760
66762
66766
66769
66771
66773
66776
66780
66782
66784
66788
66792
66794
66796
66800
66804
66806
66809
66813
66816
66819
66821
66825
66828
66830
66832
66834
66838
66841
66843
66846
66850
66853
66856
66859
66862
66865
66869
66873
66878
67737
67739
67743
67747
67749
67751
67755
67759
67761
67764
67768
67771
67774
67777
67780
67783
67787
67789
67792
67795
67798
67800
67804
67807
67809
67813
67816
67818
67819
67820
67823
67830
67833
67837
67840
67843
67846
67849
67852
67855
67858
67861
67864
67867
67870
67873
67876
67879
68699
68704
68710
68722
68724
68727
68732
68735
68738
68740
68744
68748
68750
68753
68756
68759
68764
68766
68770
68774
68776
68778
68782
68784
68787
68791
68794
68797
68799
68803
68806
68808
68810
68812
68816
68819
68821
68823
68825
68829
68832
68834
68836
68838
68842
68845
68847
68850
68854
68857
68861
68865
68870
68875
68880
69691
69699
69701
69703
69705
69707
69710
69715
69718
69721
69724
69729
69732
69735
69737
69739
69743
69745
69748
69752
69754
69757
69762
69765
69768
69770
69774
69778
69780
69782
69784
69788
69791
69793
69794
69795
69797
69799
69803
69806
69809
69815
69820
69825
69828
69832
69835
69838
69841
69844
69847
69850
69856
70676
70678
70682
70686
70688
70689
70690
70692
70699
70701
70705
70709
70711
70713
70715
70719
70722
70724
70726
70728
70730
70733
70735
70737
70739
70741
70744
70746
70748
70752
70757
70761
70766
70771
70774
70779
70782
70785
70788
70793
70796
70800
70806
70811
70816
71667
71671
71678
71698
71701
71706
71709
71712
71714
71718
71722
71724
71726
71728
71732
71735
71737
71739
71743
71748
71751
71755
71761
71766
71771
71776
72607
72612
