40623
40624
40625
40628
40630
40632
40635
40637
40639
40641
40643
40646
40648
40650
40652
40654
40657
40659
40661
40665
40668
40868
40869
40870
40872
40874
40878
40881
40883
40885
40887
40891
40894
40896
40898
40900
40904
40907
40909
40911
40914
40921
40926
40931
40934
40938
40941
40944
40946
40950
40953
41340
41341
41342
41345
41349
41352
41355
41358
41361
41364
41367
41370
41373
41376
41379
41382
41384
41388
41391
41393
41395
41397
41401
41404
41408
41411
41418
41423
41425
41429
41858
41859
41860
41862
41864
41868
41871
41873
41875
41877
41881
41884
41886
41888
41892
41894
41899
41902
41906
41909
41912
41915
41918
41921
41924
41927
41930
41933
41936
41938
41942
41945
41949
41959
42568
42571
42574
42577
42580
42583
42587
42590
42594
42597
42600
42602
42605
42609
42612
42615
42618
42621
42624
42627
42630
42633
42636
42639
42642
42645
42649
42663
42667
42671
42673
43128
43130
43133
43137
43140
43143
43146
43149
43152
43155
43158
43161
43164
43167
43170
43173
43176
43179
43182
43184
43718
43724
43730
43736
43742
43748
47325
47330
47333
47339
47342
47348
47351
48468
48470
48476
48479
48481
48484
48487
48490
48493
48496
48499
48502
48505
48508
48511
48514
48517
48520
48524
48527
48530
48533
48536
48540
48542
48544
48547
48550
48553
48556
48559
48562
48565
48568
48570
48573
48576
48579
48582
48585
48588
48591
48594
48597
48600
48603
48607
48609
48611
48614
48617
48620
48623
48626
48629
48632
49742
49749
49751
49753
49757
49760
49762
49766
49769
49771
49773
49777
49780
49782
49784
49788
49790
49793
49797
49800
49803
49805
49808
49811
49815
49817
49821
49824
49827
49830
49833
49837
49839
49841
49844
49847
49850
49854
49857
49860
49863
49866
49869
49872
49875
49878
49881
49884
49887
49891
49894
49897
49900
50914
50918
50922
50930
50934
50936
50939
50943
50946
50949
50951
50955
50958
50960
50962
50966
50969
50971
50974
50977
50979
50981
50985
50989
50991
50993
50997
51001
51003
51006
51010
51013
51016
51019
51022
51025
51028
51031
51034
51037
51040
51043
51046
51049
51052
51055
51058
51061
51064
51067
51070
51074
51965
51976
51978
51982
51986
51990
51994
51998
52000
52003
52007
52010
52013
52015
52019
52022
52024
52027
52031
52034
52038
52041
52043
52047
52051
52053
52054
52055
52058
52065
52068
52072
52075
52078
52081
52084
52087
52090
52093
52096
52099
52102
52105
52108
52111
52114
52117
52120
52123
52126
52999
53003
53006
53020
53022
53026
53030
53032
53035
53038
53040
53043
53047
53050
53053
53055
53059
53062
53064
53066
53070
53073
53075
53078
53081
53083
53085
53089
53093
53095
53096
53097
53100
53104
53107
53111
53115
53118
53122
53125
53128
53131
53134
53137
53140
53143
53146
53149
53152
53155
53158
53161
53164
54046
54049
54051
54055
54058
54063
54066
54069
54071
54075
54079
54081
54084
54088
54090
54093
54097
54100
54103
54105
54109
54112
54114
54117
54121
54124
54128
54131
54133
54137
54141
54143
54145
54147
54151
54154
54156
54158
54160
54164
54167
54169
54171
54173
54177
54180
54182
54185
54189
54192
54195
54198
54204
54209
54214
54219
55098
55101
55104
55106
55110
55113
55115
55122
55126
55128
55130
55134
55138
55140
55142
55146
55150
55152
55155
55159
55162
55165
55167
55171
55174
55176
55179
55182
55185
55188
55192
55195
55198
55201
55204
55207
55210
55213
55216
55219
55222
55225
55228
55231
55234
56047
56071
56073
56077
56081
56083
56086
56090
56092
56094
56098
56102
56104
56106
56108
56112
56115
56117
56120
56123
56126
56131
56133
56137
56141
56143
56145
56147
56151
56154
56156
56158
56160
56164
56167
56169
56171
56173
56177
56180
56182
56185
56192
56197
56202
56207
57056
57064
57066
57068
57070
57073
57084
57087
57092
57095
57098
57101
57106
57109
57112
57114
57116
57120
57122
57124
57126
57128
57131
57133
57136
57139
57142
57147
57150
57155
57158
57161
57164
57169
57172
57175
57177
57181
57185
57187
57189
57191
57195
57198
57200
57203
57210
57215
57220
57225
58040
58048
58051
58053
58063
58065
58067
58069
58072
58074
58076
58078
58083
58092
58097
58100
58105
58108
58111
58114
58119
58122
58126
58132
58137
65487
65489
65495
65498
65500
65502
65504
65508
65511
65513
65515
65517
65521
65524
65528
65534
66339
66340
66341
66343
66345
66349
66352
66354
66356
66358
66362
66365
66367
66369
66371
66375
66378
66380
66382
66384
66388
66391
66398
66405
66410
66415
66420
66422
66426
66430
67165
67166
67167
67169
67171
67175
67178
67180
67182
67184
67188
67191
67193
67195
67197
67201
67204
67206
67208
67210
67214
67217
67219
67220
67221
67224
67231
67236
67241
67246
67248
67252
67256
67258
67260
67262
67266
67269
67279
68069
68070
68071
68073
68075
68079
68082
68084
68086
68088
68092
68095
68097
68098
68099
68102
68109
68114
68117
68121
68124
68127
68130
68133
68136
68139
68141
68145
68148
68150
68153
68159
68162
68166
68169
68172
68174
68178
69083
69085
69088
69091
69093
69096
69099
69102
69105
69107
69111
69114
69116
69118
69120
69124
69127
69129
69131
69133
69137
69140
69142
69145
69149
69153
69155
69160
69165
69167
69171
69175
69177
69179
69181
69185
69188
69190
69199
69204
69210
70057
70058
70059
70061
70063
70067
70070
70072
70074
70078
70080
70083
70087
70090
70093
70096
70099
70102
70105
70108
70111
70114
70117
70119
70123
70126
70128
70130
70134
70138
70140
70143
70147
70150
70153
70155
70159
70162
70166
70176
71053
71056
71059
71063
71064
71065
71067
71069
71073
71076
71078
71080
71082
71086
71089
71091
71094
71098
71102
71105
71107
71113
71118
71121
71125
71128
71131
71133
71137
71140
71142
71144
71148
71154
71157
71161
71164
71167
71169
71173
72047
72049
72052
72055
72058
72061
72064
72066
72068
72072
72075
72077
72079
72083
72086
72089
72092
72095
72099
72101
72104
72108
72111
72114
72116
72120
72123
72127
72136
72139
72142
72146
72149
72153
73115
73117
73120
73126
73134
73143
76140
76143
76150
76153
76156
76159
76162
76165
76168
76175
76178
76184
76953
76962
76965
76968
76971
76974
76977
76980
76982
76985
76988
76991
76994
76997
77000
77003
77006
77009
77012
77016
77020
77022
77024
77027
77030
77033
77036
77039
77042
77045
77048
77051
77054
77561
77563
77565
77567
77571
77574
77586
77591
77597
77599
77604
77606
77610
77614
77616
77618
77622
77625
77628
77631
77634
77638
77640
77643
77647
77650
77653
77656
77659
77662
77665
77668
77671
77674
77677
77680
77683
77687
77690
77693
77696
78181
78184
78187
78189
78193
78196
78200
78203
78207
78209
78211
78215
78219
78221
78223
78227
78231
78233
78236
78240
78243
78246
78249
78252
78255
78258
78261
78264
78267
78270
78273
78276
78279
78282
78285
78288
78292
78674
78678
78681
78684
78686
78690
78693
78695
78697
78700
78704
78706
78708
78712
78716
78718
78720
78724
78728
78730
78733
78737
78740
78743
78746
78749
78752
78755
78758
78761
78764
78767
78770
78773
78776
78779
78782
78785
78789
79064
79066
79069
79073
79076
79079
79081
79085
79088
79090
79092
79095
79099
79101
79103
79107
79111
79113
79115
79117
79121
79124
79126
79128
79132
79136
79138
79143
79146
79150
79153
79156
79159
79162
79165
79168
79171
79174
79177
79180
79183
79186
79190
79284
79289
79299
79301
79305
79309
79316
79320
79323
79325
79330
79333
79338
79341
79344
79346
79350
79354
79356
79358
79361
79365
79367
79372
79374
79378
79382
79384
79386
79388
79392
79395
79397
79399
79401
79405
79408
79410
79412
79414
79418
79421
79423
79426
79430
79433
79437
79441
79446
79451
79456
79478
79481
79487
79490
79493
79507
79512
79517
79522
79527
79532
