60325
60331
60334
60340
61428
61430
61454
61457
61461
61464
61467
61470
61473
61476
61479
61481
61484
61488
61491
61494
61497
61500
61503
61505
61507
61511
61513
61515
61518
61521
61524
61527
61530
61533
61536
61540
61541
61542
61544
61546
61550
61553
61555
61557
61559
61563
61566
61592
61600
62679
62681
62685
62688
62690
62693
62696
62700
62703
62707
62710
62713
62715
62717
62721
62723
62725
62728
62731
62734
62738
62741
62744
62747
62750
62753
62756
62759
62762
62765
62767
62770
62774
62777
62780
62783
62786
62790
62792
62794
62797
62800
62803
62806
62812
62814
62816
62820
62823
62825
62828
62832
62835
62838
62841
62844
62847
62850
62853
62855
62859
62862
62864
62866
62868
62872
62875
62886
62891
63921
63928
63952
63954
63958
63962
63964
63966
63969
63973
63975
63978
63982
63985
63988
63991
63994
63997
64000
64002
64005
64008
64012
64014
64018
64022
64024
64026
64029
64032
64035
64039
64042
64045
64048
64051
64054
64057
64060
64064
64068
64069
64070
64072
64074
64078
64081
64083
64085
64087
64091
64094
64096
64098
64100
64104
64107
64109
64111
64113
64117
64120
64125
64128
64131
64133
64139
64144
64149
64154
64156
64160
64164
65340
65342
65346
65350
65352
65354
65357
65361
65363
65365
65369
65372
65375
65378
65381
65385
65387
65389
65393
65397
65399
65401
65405
65408
65411
65414
65417
65420
65423
65426
65429
65432
65434
65437
65440
65443
65446
65450
65454
65456
65458
65461
65464
65467
65470
65474
65475
65476
65478
65480
65484
65487
65489
65491
65493
65497
65500
65502
65503
65504
65507
65511
65514
65517
65520
65526
65531
65534
65538
65541
65544
65546
65550
65553
65557
65560
65567
65569
65573
65577
66714
66716
66720
66724
66726
66728
66731
66735
66737
66740
66744
66747
66750
66752
66756
66759
66761
66763
66767
66771
66773
66776
66780
66783
66786
66789
66792
66795
66799
66801
66803
66807
66811
66813
66815
66819
66822
66825
66828
66831
66834
66837
66840
66844
66848
66849
66850
66853
66857
66860
66863
66866
66869
66872
66875
66878
66880
66884
66887
66889
66890
66891
66894
66898
66901
66904
66907
66913
66916
66920
66923
66926
66928
66932
66935
66940
66946
66948
66952
66956
66960
66966
68068
68072
68075
68077
68081
68084
68086
68088
68091
68095
68097
68100
68104
68107
68111
68113
68115
68119
68123
68125
68127
68131
68134
68137
68140
68143
68146
68148
68152
68155
68157
68159
68163
68167
68169
68172
68176
68179
68182
68185
68188
68191
68194
68197
68200
68204
68208
68209
68210
68213
68217
68220
68223
68226
68229
68232
68235
68238
68241
68244
68247
68250
68252
68256
68259
68261
68264
68267
68270
68272
68278
68281
68285
68288
68291
68293
68297
68300
68302
68304
68308
68314
68317
68321
68324
68327
68333
69485
69489
69492
69495
69497
69501
69504
69506
69508
69511
69515
69517
69519
69523
69527
69529
69531
69535
69539
69541
69544
69548
69551
69554
69557
69560
69563
69567
69569
69571
69575
69579
69581
69583
69587
69590
69593
69596
69599
69602
69605
69608
69611
69614
69617
69620
69624
69628
69630
69633
69636
69638
69641
69644
69647
69650
69653
69656
69659
69662
69665
69668
69671
69674
69676
69680
69683
69685
69688
69692
69696
69698
69701
69705
69708
69712
69714
69723
69725
69729
69732
69735
69738
69745
70834
70837
70841
70844
70847
70849
70853
70856
70858
70861
70864
70867
70869
70873
70877
70879
70880
70881
70884
70891
70894
70898
70901
70904
70906
70910
70913
70915
70916
70917
70920
70927
70930
70934
70937
70940
70943
70946
70949
70952
70955
70958
70961
70964
70970
70972
70975
70978
70980
70983
70986
70989
70992
70995
70998
71001
71004
71007
71010
71013
71017
71019
71021
71025
71029
71031
71033
71037
71040
71042
71046
71049
71051
71054
71058
71061
71065
71071
71074
71078
71081
71084
71090
72516
72591
72594
72599
72602
72605
72608
72611
72614
72617
72620
72623
72626
72629
72632
72635
72638
72641
72644
72647
72650
72653
72656
72659
72662
72666
72672
72675
72680
72683
72686
72689
72694
72697
72700
72703
72706
72709
72712
72715
72718
72721
72724
72727
72730
72733
72737
72743
72748
72751
72756
72759
72762
72765
72770
72773
72776
72779
72784
72787
72791
72797
72802
72807
72812
72814
72817
72820
72823
72826
72829
72832
72835
72839
72842
72846
72849
72852
72855
72858
72861
72864
72867
72870
72873
72876
72879
72883
72886
72889
72892
72896
72899
72903
72909
72912
72915
72918
72921
72924
72927
72930
72933
72936
72939
72942
72945
72948
72951
72955
72960
72963
72966
75311
75313
75316
75319
75323
75325
75328
75331
75335
75338
75342
75344
75347
75350
75354
75357
75361
75364
75366
75370
75372
75374
75377
75381
75382
75384
75387
75390
75392
75393
75396
75399
75405
75409
75412
75415
75418
75420
75423
75426
75883
75907
75909
75913
75917
75919
75921
75925
75928
75931
75934
75937
75941
75943
75945
75949
75952
75955
75958
75961
75965
75967
75970
75974
75977
75980
75983
75986
75990
75992
75994
75998
76001
76004
76007
76010
76013
76015
76018
76021
76025
76028
76032
76035
76039
76041
76043
76046
76049
76052
76056
76059
76062
76065
76069
76073
76074
76075
76078
76082
76085
76088
76091
76093
76097
76100
76102
76105
76108
76111
76113
76119
76122
76126
76129
76132
76134
76138
76141
76143
76146
76147
76152
76156
76160
76163
76167
76170
76976
76978
76982
76986
76988
76990
76994
76998
77000
77003
77007
77010
77013
77015
77019
77022
77024
77026
77030
77034
77036
77039
77043
77046
77049
77051
77055
77058
77060
77062
77066
77070
77072
77075
77079
77082
77085
77088
77091
77094
77097
77100
77103
77107
77111
77113
77116
77119
77121
77124
77127
77130
77133
77135
77139
77142
77144
77146
77148
77152
77155
77157
77159
77163
77167
77169
77174
77176
77180
77184
77186
77189
77193
77197
77199
77202
77206
77209
77212
77214
77218
77221
78514
78516
78518
78522
78526
78528
78530
78534
78538
78540
78543
78547
78550
78553
78555
78559
78562
78564
78566
78570
78573
78575
78577
78581
78583
78586
78590
78593
78596
78598
78602
78605
78607
78609
78613
78616
78618
78621
78624
78628
78631
78635
78638
78641
78644
78647
78650
78653
78656
78659
78663
78667
78669
78672
78675
78677
78680
78683
78686
78689
78692
78695
78698
78701
78703
78707
78710
78712
78714
78718
78722
78724
78726
78730
78734
78736
78738
78740
78744
78747
78749
78752
78756
78760
78762
78767
78769
78773
78777
78790
78793
80012
80014
80016
80020
80024
80026
80028
80030
80034
80037
80039
80042
80046
80050
80052
80057
80059
80063
80067
80069
80072
80075
80078
80081
80085
80088
80091
80093
80097
80100
80102
80104
80106
80110
80113
80115
80117
80120
80123
80125
80131
80136
80139
80143
80146
80149
80152
80155
80159
80163
80165
80168
80171
80174
80177
80180
80182
80185
80188
80191
80194
80196
80200
80203
80205
80207
80211
80214
80216
80219
80222
80226
80229
80233
80236
80240
80242
80245
80249
80253
80255
80257
80261
80264
80266
80270
80273
80287
80290
81396
81399
81403
81406
81409
81411
81415
81418
81420
81422
81426
81430
81432
81434
81438
81442
81444
81446
81448
81452
81455
81457
81459
81463
81467
81469
81474
81477
81481
81484
81487
81489
81493
81496
81498
81500
81502
81506
81509
81511
81513
81517
81521
81523
81528
81531
81535
81539
81543
81545
81548
81551
81554
81557
81561
81563
81566
81569
81572
81576
81579
81581
81584
81587
81590
81593
81597
81600
81602
81606
81609
81611
81614
81618
81621
81624
81627
81630
81634
81636
81639
81643
81646
81649
81651
81655
81658
81660
81668
81677
81680
82775
82798
82800
82804
82808
82810
82812
82816
82818
82821
82825
82828
82831
82833
82837
82840
82842
82844
82846
82850
82853
82855
82857
82861
82865
82867
82872
82875
82879
82882
82885
82887
82891
82894
82896
82899
82903
82906
82910
82914
82919
82921
82924
82927
82930
82933
82936
82938
82941
82944
82947
82950
82952
82956
82959
82961
82963
82967
82972
82975
82978
82982
82985
82989
82992
82995
82997
83001
83004
84091
84093
84101
84103
84105
84107
84111
84114
84116
84119
84122
84125
84130
84133
84137
84140
84143
84145
84149
84152
84154
84156
84158
84162
84165
84167
84168
84169
84172
84179
84184
84187
84191
84194
84197
84203
84205
84208
84211
84214
84217
84223
84226
84229
84232
84236
84241
84244
84247
84250
84253
84257
84260
84263
84266
84269
84273
85348
85350
85358
85360
85362
85364
85368
85371
85373
85374
85375
85378
85385
85390
85393
85397
85400
85403
85405
85409
85412
85414
85417
85424
85431
85440
85448
85454
86590
86600
86602
86604
86611
86623
86628
