42825
42832
42839
42841
42843
42848
42850
42851
42854
42858
42861
42864
42867
42870
42873
42876
42879
42881
42883
42887
42889
42891
42893
42895
42898
42900
42902
42905
42908
42910
42913
42916
42919
42922
42925
42928
42931
42934
42937
42940
42943
42946
42948
42950
42954
42956
42958
42961
42964
42966
42969
42972
42975
42978
42981
42984
42987
42990
42993
42996
42999
43002
43004
43006
43010
43012
43014
43017
43020
43022
43025
43028
43031
43034
43037
43040
43043
43046
43049
43052
43055
43058
43060
43062
43066
43068
43070
43073
43076
43078
43081
43084
43087
43090
43093
43096
43099
43102
43105
43108
43111
43114
43116
43118
43122
43124
43126
43129
43132
43134
43137
43140
43143
43146
43149
43152
43155
43158
43161
43164
43167
43171
43173
43175
43178
43181
43184
43187
43190
43192
43195
43198
43201
43204
43206
43208
43212
43214
43216
43219
43222
43225
43228
43384
43386
43396
43398
43408
43412
43419
43421
43425
43429
43431
43434
43439
43442
43445
43447
43453
43455
43457
43461
43465
43467
43470
43475
43478
43481
43483
43485
43489
43491
43493
43497
43501
43503
43506
43510
43513
43517
43519
43521
43525
43529
43531
43534
43538
43541
43543
43545
43549
43551
43554
43558
43561
43565
43567
43570
43574
43577
43581
43583
43585
43589
43592
43595
43598
43601
43604
43607
43610
43614
43906
43910
43918
43929
43933
43939
43942
43946
43949
43951
43959
43961
43965
43969
43971
43974
43978
43981
43984
43986
43994
43996
44000
44004
44006
44008
44012
44015
44018
44021
44024
44028
44030
44032
44036
44039
44042
44045
44048
44051
44054
44057
44060
44063
44066
44069
44073
44076
44079
44082
44511
44525
44534
44538
44547
44551
44560
44564
44571
44591
44596
44601
44606
44611
62665
62668
62671
62674
62677
62680
62683
62686
62689
62692
62709
62712
62715
62718
62720
62723
62726
62729
62732
62735
62738
62741
62745
62748
62751
62757
62761
62774
62780
62786
62795
62798
63054
63056
63059
63062
63065
63068
63071
63074
63077
63080
63083
63086
63090
63093
63097
63100
63103
63106
63109
63112
63114
63117
63120
63123
63126
63129
63132
63135
63139
63142
63145
63148
63151
63155
63157
63160
63165
63168
63171
63173
63175
63179
63181
63183
63187
63191
63193
63201
63204
63208
63210
63212
63216
63219
63225
63228
63236
63248
63386
63389
63392
63395
63398
63401
63404
63407
63410
63413
63416
63419
63423
63426
63430
63433
63436
63439
63442
63445
63448
63450
63453
63456
63459
63462
63466
63470
63472
63475
63479
63482
63485
63488
63491
63495
63497
63499
63503
63506
63509
63512
63515
63519
63521
63524
63529
63532
63535
63537
63539
63543
63545
63547
63551
63555
63557
63560
63565
63568
63572
63574
63576
63584
63593
63597
63601
63607
63610
63614
63620
63623
63627
63633
63636
63640
63646
63651
63686
63688
63691
63694
63697
63700
63704
63707
63711
63714
63717
63720
63723
63726
63729
63732
63736
63739
63741
63744
63747
63750
63754
63756
63759
63763
63766
63769
63772
63775
63778
63782
63784
63786
63790
63794
63796
63799
63803
63806
63809
63814
63817
63821
63823
63825
63829
63833
63836
63841
63844
63848
63851
63854
63857
63860
63863
63866
63869
63872
63875
63878
63884
63886
63889
63893
63895
63899
63902
63905
63908
63912
63916
63919
63923
63926
63929
63934
63937
63940
63943
63948
63952
63957
63962
63967
63972
63973
63977
63980
63983
63985
63987
63990
63992
63994
63997
64000
64002
64005
64008
64011
64014
64016
64018
64022
64024
64026
64029
64032
64034
64037
64040
64043
64046
64048
64050
64054
64056
64058
64061
64064
64067
64070
64074
64075
64081
64084
64090
64093
64095
64097
64100
64102
64104
64108
64112
64114
64117
64122
64125
64128
64130
64132
64136
64138
64140
64144
64148
64150
64153
64157
64160
64163
64165
64167
64171
64173
64175
64179
64182
64184
64187
64190
64193
64196
64200
64203
64206
64209
64212
64215
64217
64219
64223
64225
64227
64230
64233
64235
64238
64241
64244
64247
64250
64253
64256
64259
64262
64265
64268
64272
64274
64276
64279
64282
64285
64288
64291
64294
64297
64303
64312
64315
64323
64325
64333
64335
64337
64341
64345
64347
64349
64353
64357
64359
64361
64365
64369
64371
64373
64377
64381
64383
64385
64389
64393
64395
64397
64400
64404
64406
64408
64412
64415
64417
64421
64424
64426
64428
64432
64435
64437
64439
64443
64445
64448
64452
64455
64458
64460
64463
64466
64469
64472
64476
64479
64482
64485
64488
64491
64493
64495
64499
64501
64503
64506
64509
64512
64515
64518
64521
64524
64527
64530
64533
64613
64621
64643
64645
64654
64657
64662
64665
64670
64678
64680
64690
64693
64698
64701
64704
64706
64714
64717
64721
64724
64728
64730
64733
64738
64741
64744
64746
64748
64752
64754
64756
64760
64763
64765
64769
64772
64774
64777
64781
64784
64788
64790
64793
64797
64800
64803
64805
64808
64811
64814
64817
64820
64823
64826
64830
64833
64835
64837
64841
64843
64845
64848
64851
64854
64857
64860
64863
64866
64869
64872
64875
65086
65093
65096
65102
65105
65109
65112
65114
65124
65128
65131
65133
65137
65140
65142
65145
65149
65152
65156
65158
65161
65165
65168
65171
65173
65176
65179
65182
65185
65188
65191
65194
65198
65201
65203
65205
65209
65211
65213
65216
65219
65222
65225
65228
65231
65234
65237
65240
65243
65459
65499
65515
65522
65528
65534
65537
65540
65543
65546
65549
65552
65558
82236
82242
82245
82259
82662
82665
82668
82671
82675
82678
82681
82684
82688
82690
82693
82698
82701
82705
82707
82709
82713
82716
82718
82722
82725
82727
82729
82733
82737
82739
82742
82746
82749
82753
82761
82765
82767
82769
82773
82782
82785
83061
83063
83066
83069
83072
83075
83078
83081
83084
83088
83091
83095
83098
83101
83104
83107
83110
83112
83115
83118
83121
83124
83128
83131
83134
83137
83140
83144
83146
83149
83154
83157
83160
83162
83164
83168
83170
83172
83176
83180
83182
83185
83190
83193
83196
83198
83200
83204
83206
83208
83212
83215
83218
83221
83224
83228
83230
83233
83238
83241
83244
83246
83248
83252
83254
83256
83260
83264
83275
83281
83283
83285
83289
83291
83292
83293
83295
83320
83326
83509
83512
83515
83518
83521
83524
83527
83530
83533
83537
83540
83545
83548
83551
83554
83557
83560
83563
83566
83569
83573
83577
83580
83585
83588
83591
83594
83597
83600
83603
83606
83609
83613
83616
83619
83622
83626
83629
83634
83637
83640
83643
83646
83649
83652
83655
83658
83661
83664
83667
83670
83674
83679
83682
83687
83690
83693
83696
83699
83702
83705
83708
83711
83714
83717
83723
83726
83731
83734
83737
83740
83745
83748
83751
83754
83757
83761
83765
83770
83778
83784
